trade_date,open,high,low,close,vol,amount,ma5,ma10,ma20,ma30,ma60
20190102,9.02,9.06,8.25,8.36,206226.45,175890.022,,,,,
20190103,8.41,8.63,8.35,8.42,157674.97,133733.271,,,,,
20190104,8.39,8.73,8.27,8.69,126030.0,107782.91,,,,,
20190107,8.8,8.83,8.61,8.76,142900.5,124530.582,,,,,
20190108,8.84,8.85,8.63,8.66,80594.42,70198.80900000001,8.578,,,,
20190109,8.68,9.01,8.55,8.76,160170.66,141197.081,8.658,,,,
20190110,8.76,8.89,8.59,8.71,115190.5,100359.879,8.716,,,,
20190111,8.7,8.74,8.58,8.66,71691.12,61977.045,8.709999999999999,,,,
20190114,8.64,8.67,8.41,8.46,75773.81,64363.71400000001,8.65,,,,
20190115,8.46,8.67,8.41,8.65,95893.46,82055.19,8.648,8.613,,,
20190116,8.65,8.84,8.61,8.74,134238.87,117292.153,8.644,8.651,,,
20190117,8.74,8.89,8.71,8.77,118717.89,104516.241,8.655999999999999,8.685999999999998,,,
20190118,8.8,9.65,8.78,9.65,300770.47,280841.597,8.854,8.782,,,
20190121,9.9,10.3,9.7,9.75,560115.5,558955.173,9.111999999999998,8.880999999999998,,,
20190122,9.74,9.79,9.38,9.47,260604.75,247351.405,9.276,8.962,,,
20190123,9.35,9.42,9.15,9.34,207975.44,192913.27,9.395999999999999,9.02,,,
20190124,9.33,9.42,9.24,9.28,197975.0,184603.03100000002,9.498,9.076999999999998,,,
20190125,9.26,9.34,9.16,9.31,149663.2,138638.325,9.43,9.142,,,
20190128,9.32,9.37,8.97,8.99,202242.7,185680.678,9.278,9.194999999999999,,,
20190129,8.97,9.43,8.93,9.43,281731.43,260190.297,9.27,9.273,8.943000000000001,,
20190130,9.33,9.57,9.24,9.25,219341.2,206619.224,9.252,9.324,8.9875,,
20190131,9.28,9.39,9.04,9.22,140707.78,129613.15699999999,9.24,9.369,9.0275,,
20190201,9.3,9.78,9.14,9.68,209099.96,199671.079,9.314,9.372,9.077000000000002,,
20190211,9.61,9.93,9.55,9.92,177538.99,173243.271,9.5,9.389,9.135000000000002,,
20190212,9.98,10.81,9.92,10.38,334042.92,346715.217,9.690000000000001,9.48,9.221,,
20190213,10.4,10.61,10.2,10.6,215520.21,224448.793,9.96,9.605999999999998,9.313,,
20190214,10.5,10.7,10.43,10.55,155269.77,164276.045,10.226000000000003,9.732999999999999,9.405000000000001,,
20190215,10.49,10.49,10.04,10.18,273828.2,279452.615,10.326000000000002,9.819999999999999,9.481000000000002,,
20190218,10.17,10.55,10.15,10.52,205845.21,214284.533,10.446000000000002,9.972999999999999,9.584000000000001,,
20190219,10.52,10.56,10.12,10.25,378118.69,388242.658,10.42,10.054999999999998,9.664000000000001,9.313666666666666,
20190220,10.24,10.24,9.84,10.08,293557.14,293559.34,10.315999999999999,10.137999999999998,9.731000000000002,9.370999999999999,
20190221,10.0,10.18,9.95,9.98,211335.08,212915.141,10.202000000000002,10.213999999999999,9.791500000000001,9.422999999999998,
20190222,9.97,10.17,9.84,10.16,193342.76,194334.845,10.198,10.261999999999997,9.817,9.472,
20190225,10.28,10.73,10.18,10.7,386541.94,404653.12799999997,10.234,10.339999999999998,9.8645,9.536666666666665,
20190226,10.85,11.3,10.61,10.85,418736.39,460019.549,10.354000000000001,10.386999999999997,9.933499999999999,9.609666666666666,
20190227,10.9,11.08,10.6,10.72,284529.69,308669.20399999997,10.482000000000001,10.398999999999997,10.0025,9.675,
20190228,11.15,11.29,10.92,11.18,357312.72,396863.221,10.722,10.462,10.0975,9.757333333333333,
20190301,11.29,11.39,11.06,11.22,251907.6,281444.411,10.934000000000001,10.565999999999999,10.193,9.842666666666668,
20190304,11.22,11.85,11.22,11.48,397621.33,459951.83700000006,11.09,10.662,10.317499999999999,9.943333333333335,
20190305,11.48,11.83,11.31,11.83,282433.24,328705.596,11.286,10.82,10.437499999999998,10.049333333333335,
20190306,11.94,12.14,11.75,12.09,284813.91,340615.69700000004,11.559999999999999,11.021,10.5795,10.161000000000001,
20190307,12.1,12.35,11.83,11.9,362625.56,436248.708,11.704,11.213000000000001,10.7135,10.265333333333334,
20190308,11.55,11.96,11.41,11.42,307402.06,358326.54,11.744,11.339000000000002,10.800499999999998,10.324333333333335,
20190311,11.47,12.56,11.47,12.49,460654.75,558096.539,11.945999999999998,11.518,10.928999999999998,10.41566666666667,
20190312,12.39,13.65,12.18,13.46,562592.22,718506.085,12.272,11.779000000000002,11.083,10.548666666666668,
20190313,13.21,13.78,12.85,13.05,386539.9,513496.32200000004,12.463999999999999,12.012000000000004,11.2055,10.672333333333336,
20190314,13.08,13.16,12.51,12.78,236123.42,301725.148,12.639999999999999,12.172000000000002,11.317,10.789000000000003,
20190315,12.86,13.19,12.59,12.89,250025.18,322406.956,12.934000000000001,12.339000000000002,11.4525,10.908333333333335,
20190318,12.94,13.52,12.81,13.47,306723.97,405292.834,13.13,12.538,11.6,11.05766666666667,
20190319,13.38,13.62,13.08,13.24,208219.27,276221.44,13.086000000000002,12.679,11.749500000000001,11.184666666666669,
20190320,13.3,13.34,12.8,13.07,201616.8,262183.989,13.09,12.777000000000001,11.899,11.312000000000003,
20190321,13.07,13.14,12.9,13.06,187081.3,243313.79,13.146,12.893,12.053,11.440000000000001,
20190322,13.08,13.08,12.63,12.86,175479.42,224903.262,13.14,13.037000000000003,12.188,11.546000000000001,
20190325,12.65,13.09,12.53,12.73,158954.65,204620.19,12.992,13.061000000000002,12.2895,11.639666666666669,
20190326,12.75,13.04,12.2,12.22,184427.6,230251.14399999997,12.788,12.937000000000001,12.358000000000002,11.701000000000002,
20190327,12.36,12.74,12.13,12.7,197428.07,246728.86800000002,12.714,12.901999999999997,12.457000000000004,11.771000000000003,
20190328,12.72,12.84,12.22,12.29,154211.77,193490.043,12.559999999999999,12.852999999999998,12.512500000000003,11.829000000000002,
20190329,12.3,12.68,12.12,12.55,151984.98,189644.303,12.498,12.818999999999999,12.579000000000004,11.908000000000003,
20190401,12.72,13.2,12.71,13.1,231984.63,301226.525,12.571999999999997,12.782,12.660000000000004,11.994000000000003,
20190402,13.29,13.47,12.99,13.08,229883.09,304162.549,12.743999999999996,12.766000000000002,12.722500000000004,12.088333333333336,10.701
20190403,13.25,13.73,13.15,13.4,264235.63,355270.761,12.883999999999997,12.799000000000001,12.788000000000004,12.199000000000003,10.785
20190404,13.21,13.34,13.08,13.14,190862.87,251474.69199999998,13.053999999999997,12.806999999999999,12.850000000000005,12.304333333333336,10.863666666666667
20190408,13.13,13.28,12.81,13.09,195109.7,254846.414,13.161999999999997,12.830000000000002,12.933500000000004,12.402,10.937000000000001
20190409,13.09,13.98,12.9,13.94,362504.49,489012.985,13.329999999999998,12.951000000000002,13.006000000000004,12.51,11.023333333333335
20190410,13.76,14.18,13.6,13.82,297534.87,414338.36799999996,13.478,13.111,13.024000000000004,12.609,11.109333333333336
20190411,13.75,13.91,13.1,13.14,220251.21,295298.876,13.425999999999998,13.155000000000001,13.028500000000003,12.689666666666664,11.182333333333336
20190412,13.1,13.2,12.77,12.81,158872.26,204719.738,13.36,13.207000000000003,13.030000000000005,12.743999999999998,11.250666666666667
20190415,12.95,13.07,12.45,12.46,149296.01,190962.629,13.233999999999998,13.198000000000002,13.008500000000003,12.78533333333333,11.314000000000002
20190416,12.45,12.72,12.27,12.72,127481.27,159413.46,12.989999999999998,13.160000000000002,12.971000000000004,12.826666666666663,11.385000000000002
20190417,12.75,12.79,12.58,12.65,127962.14,162187.418,12.755999999999998,13.117,12.941500000000001,12.853999999999996,11.45166666666667
20190418,12.6,12.63,12.4,12.45,118547.2,148033.69199999998,12.617999999999999,13.022,12.910500000000003,12.865999999999996,11.513500000000002
20190419,12.66,12.86,12.57,12.71,135527.89,172266.61800000002,12.597999999999995,12.979000000000003,12.893,12.892999999999997,11.579166666666671
20190422,12.73,12.75,12.35,12.5,135945.14,170019.3,12.605999999999996,12.920000000000002,12.875,12.928999999999997,11.62666666666667
20190423,12.5,12.5,12.2,12.26,102783.06,126653.2,12.513999999999996,12.752,12.851499999999998,12.92133333333333,11.668500000000003
20190424,12.32,12.49,12.2,12.47,88205.79,109061.257,12.477999999999996,12.617,12.863999999999999,12.88833333333333,11.718500000000004
20190425,12.48,12.48,12.09,12.1,90710.48,111590.406,12.407999999999996,12.513000000000002,12.834,12.856666666666664,11.764500000000004
20190426,12.1,12.11,11.6,11.75,156076.15,184165.345,12.215999999999996,12.407,12.806999999999999,12.822333333333331,11.80566666666667
20190429,11.67,12.04,11.66,11.8,129621.89,153476.94400000002,12.075999999999997,12.341,12.769499999999999,12.786,11.847166666666672
20190430,11.77,11.96,11.7,11.8,88372.89,104426.17199999999,11.983999999999996,12.249,12.7045,12.730333333333332,11.894000000000004
20190506,11.4,11.42,10.62,10.69,184137.38,202580.503,11.627999999999997,12.053,12.585,12.645333333333332,11.915000000000004
20190507,10.8,11.25,10.8,11.21,185899.65,205693.974,11.45,11.929,12.4755,12.583333333333332,11.947666666666672
20190508,11.01,11.32,10.92,11.1,106727.13,119269.285,11.319999999999999,11.768,12.373500000000002,12.517999999999999,11.979000000000006
20190509,11.08,11.2,10.81,11.0,94263.29,103937.65800000001,11.16,11.618,12.269000000000002,12.455999999999998,12.001000000000007
20190510,11.15,11.36,10.83,11.27,117080.22,131176.62699999998,11.053999999999998,11.519,12.135500000000002,12.40733333333333,12.023500000000007
20190513,11.17,11.25,11.07,11.13,54973.66,61300.348,11.142,11.385,12.001000000000001,12.370999999999997,12.036000000000007
20190514,11.0,11.11,10.84,10.87,102070.28,112006.028,11.074,11.262,11.887500000000003,12.309999999999997,12.040500000000007
20190515,10.97,11.57,10.96,11.49,167893.2,189803.15899999999,11.152,11.236,11.821500000000004,12.28333333333333,12.056166666666675
20190516,11.49,11.58,11.36,11.58,93552.8,107457.766,11.268,11.214,11.777500000000003,12.250999999999996,12.079500000000008
20190517,11.58,11.58,11.13,11.21,105424.32,119502.666,11.256000000000004,11.155,11.702000000000004,12.187999999999994,12.09100000000001
20190520,11.1,11.18,10.66,11.13,112087.89,122465.09199999999,11.256000000000002,11.199,11.626000000000003,12.122999999999994,12.105666666666677
20190521,11.05,11.46,10.98,11.41,89891.25,101363.90699999999,11.364000000000003,11.219,11.574000000000003,12.056666666666663,12.127833333333342
20190522,11.36,11.39,11.15,11.16,82533.26,92654.555,11.298000000000004,11.225,11.496500000000003,11.990666666666664,12.147500000000008
20190523,11.16,11.26,10.81,10.92,86264.24,95223.99,11.166000000000002,11.217,11.417500000000002,11.918333333333331,12.160166666666674
20190524,10.9,11.02,10.8,10.8,53905.0,58721.54,11.084000000000001,11.17,11.344500000000004,11.813666666666666,12.16183333333334
20190527,10.86,11.3,10.77,11.3,79652.17,88237.82400000001,11.118000000000002,11.187000000000001,11.286000000000005,11.729666666666667,12.169333333333338
20190528,11.31,11.39,11.1,11.15,74019.52,83100.59599999999,11.066000000000003,11.215,11.238500000000005,11.663333333333332,12.176500000000004
20190529,11.11,11.23,11.06,11.12,55501.38,61906.03400000001,11.058000000000003,11.178,11.207000000000004,11.607,12.175500000000005
20190530,11.05,11.1,10.91,11.01,60095.32,65915.52900000001,11.076000000000004,11.121000000000002,11.167500000000004,11.558666666666666,12.172000000000004
20190531,11.02,11.08,10.86,10.9,53333.53,58397.945,11.096000000000007,11.090000000000003,11.122500000000004,11.497999999999998,12.162333333333338
20190603,10.9,10.99,10.53,10.63,89003.95,95334.284,10.962000000000007,11.040000000000003,11.119500000000004,11.430666666666665,12.142333333333337
20190604,10.63,10.68,10.23,10.4,87936.52,91904.371,10.812000000000008,10.939000000000004,11.079000000000004,11.362333333333332,12.11416666666667
20190605,10.51,10.55,9.6,9.67,243420.46,239965.84399999998,10.52200000000001,10.790000000000004,11.007500000000004,11.261,12.077000000000002
20190606,9.55,9.7,9.47,9.54,104200.95,99954.17599999999,10.228000000000009,10.652000000000005,10.934500000000003,11.162333333333333,12.04566666666667
20190610,9.6,9.62,9.38,9.55,80429.37,76166.734,9.958000000000009,10.527000000000005,10.848500000000003,11.072000000000001,11.996666666666668
20190611,9.52,10.33,9.51,9.98,132927.14,130523.061,9.828000000000007,10.395000000000007,10.791000000000002,10.989,11.938666666666668
20190612,9.96,10.07,9.85,9.86,68305.47,67791.726,9.720000000000008,10.266000000000005,10.740500000000003,10.914333333333333,11.885500000000002
20190613,9.87,9.94,9.76,9.86,54653.16,53869.372,9.758000000000006,10.140000000000004,10.659000000000002,10.851333333333335,11.836833333333336
20190614,9.91,10.0,9.8,9.83,55528.26,54905.957,9.816000000000006,10.022000000000004,10.571500000000004,10.785666666666666,11.785833333333336
20190617,9.87,10.06,9.83,9.87,48502.31,48153.185999999994,9.880000000000006,9.919000000000004,10.504500000000004,10.721333333333332,11.725833333333336
20190618,9.95,9.95,9.73,9.84,42350.17,41602.812000000005,9.852000000000007,9.840000000000005,10.440000000000003,10.693,11.669166666666671
20190619,10.0,10.12,9.93,9.97,69908.39,70019.74799999999,9.874000000000006,9.797000000000004,10.368000000000004,10.651666666666667,11.617500000000003
20190620,9.97,10.25,9.93,10.15,92084.06,93082.815,9.932000000000006,9.845000000000004,10.317500000000004,10.62,11.569000000000004
20190621,10.22,10.55,10.2,10.46,104161.45,108498.896,10.058000000000007,9.937000000000006,10.294500000000005,10.601999999999999,11.529000000000003
20190624,10.46,10.59,10.41,10.52,47300.37,49613.532999999996,10.188000000000006,10.034000000000006,10.280500000000005,10.576999999999998,11.49216666666667
20190625,10.5,10.56,10.14,10.3,70200.01,72379.424,10.280000000000006,10.066000000000006,10.230500000000005,10.549333333333331,11.46016666666667
20190626,10.28,10.65,10.25,10.53,91218.54,95838.004,10.392000000000007,10.133000000000006,10.199500000000004,10.537999999999998,11.424000000000001
20190627,10.59,11.0,10.48,10.93,125108.1,135375.375,10.548000000000007,10.240000000000006,10.190000000000005,10.51933333333333,11.401333333333334
20190628,10.92,10.92,10.67,10.79,94875.42,102430.841,10.614000000000008,10.336000000000006,10.179000000000006,10.492999999999999,11.372000000000002
20190701,11.0,11.25,10.9,11.09,82394.34,91460.351,10.728000000000009,10.458000000000006,10.188500000000005,10.488999999999999,11.338500000000002
20190702,11.16,11.25,11.0,11.14,99317.81,110506.99699999999,10.89600000000001,10.588000000000005,10.214000000000004,10.489333333333331,11.306166666666666
20190703,11.05,11.21,11.02,11.07,58537.82,64958.459,11.004000000000008,10.698000000000004,10.247500000000004,10.477999999999998,11.267333333333335
20190704,11.05,11.11,10.85,11.1,77408.41,85142.946,11.038000000000007,10.793000000000003,10.319000000000004,10.475999999999997,11.233333333333336
20190705,11.16,11.38,10.98,11.37,110807.14,124011.641,11.154000000000007,10.884000000000004,10.410500000000004,10.490999999999996,11.204666666666668
20190708,11.28,11.3,11.03,11.23,129266.38,143952.055,11.182000000000006,10.955000000000004,10.494500000000004,10.505333333333331,11.159500000000001
20190709,11.2,11.36,10.95,11.29,88259.15,98515.395,11.212000000000003,11.054000000000004,10.560000000000004,10.504999999999997,11.117333333333333
20190710,11.32,11.39,11.15,11.28,58565.92,66038.76,11.254000000000003,11.129000000000003,10.631000000000004,10.50933333333333,11.086333333333332
20190711,11.26,11.57,11.24,11.45,102785.9,117624.538,11.324000000000002,11.181000000000003,10.710500000000001,10.52033333333333,11.063666666666668
20190712,11.44,12.05,11.41,11.88,162519.29,192098.74,11.426000000000004,11.290000000000003,10.813,10.54933333333333,11.054
20190715,12.01,12.88,12.01,12.14,222817.1,273866.276,11.608,11.395000000000003,10.9265,10.590666666666664,11.044333333333332
20190716,12.25,12.29,11.95,11.98,100073.71,120595.088,11.746000000000002,11.479000000000003,11.0335,10.635666666666664,11.033166666666666
20190717,12.05,12.08,11.72,11.81,92267.2,109665.58300000001,11.852,11.553000000000003,11.1255,10.682666666666666,11.022499999999999
20190718,11.89,11.92,11.55,11.6,81363.69,95070.849,11.882,11.603000000000003,11.198,10.746999999999998,11.003999999999998
20190719,11.6,11.68,11.41,11.5,78858.8,90951.061,11.806,11.616000000000003,11.25,10.812333333333331,10.987333333333332
20190722,11.5,11.74,11.3,11.48,73502.45,84664.321,11.673999999999998,11.641000000000002,11.297999999999998,10.876666666666665,10.974333333333332
20190723,11.42,11.82,11.31,11.73,74827.38,86919.16,11.623999999999999,11.685000000000002,11.369499999999999,10.934999999999999,10.961999999999998
20190724,11.78,11.98,11.73,11.84,59484.87,70408.226,11.629999999999999,11.741000000000003,11.434999999999999,11.000999999999998,10.957666666666665
20190725,11.77,11.87,11.53,11.57,62927.33,73433.13,11.623999999999999,11.753000000000002,11.466999999999997,11.057999999999996,10.954666666666666
20190726,11.58,11.65,11.48,11.61,43518.23,50385.452000000005,11.645999999999997,11.726000000000003,11.507999999999997,11.117333333333331,10.951500000000001
20190729,11.62,11.65,11.5,11.63,29225.91,33842.025,11.675999999999997,11.675,11.534999999999997,11.175999999999997,10.948666666666668
20190730,11.64,12.02,11.58,12.01,103933.64,123651.745,11.731999999999996,11.678,11.578499999999996,11.248333333333331,10.970666666666666
20190731,12.01,12.51,11.87,12.4,195960.66,240007.573,11.843999999999998,11.737,11.644999999999998,11.329333333333329,10.990499999999999
20190801,12.34,12.38,12.1,12.19,117500.94,143740.957,11.967999999999996,11.796000000000001,11.699499999999997,11.39733333333333,11.008666666666667
20190802,12.06,12.32,11.94,12.08,96603.36,116897.72300000001,12.061999999999998,11.854000000000003,11.734999999999998,11.45133333333333,11.026666666666667
20190805,12.0,12.16,11.67,11.68,93583.07,111453.76199999999,12.071999999999996,11.874000000000002,11.757499999999999,11.489999999999998,11.0335
20190806,11.41,11.93,11.14,11.7,126617.53,145415.791,12.009999999999994,11.871000000000002,11.777999999999999,11.536666666666664,11.043000000000001
20190807,11.77,11.93,11.55,11.6,80244.12,93907.09800000001,11.849999999999996,11.847000000000003,11.793999999999999,11.572333333333331,11.055166666666668
20190808,11.66,11.76,11.45,11.61,78439.52,91018.367,11.733999999999998,11.851000000000004,11.801999999999998,11.594999999999999,11.057166666666667
20190809,11.62,11.84,11.25,11.38,162298.54,186457.462,11.593999999999998,11.828000000000005,11.776999999999997,11.614666666666665,11.053833333333333
20190812,11.4,11.58,11.28,11.58,99242.99,113922.825,11.573999999999996,11.823000000000004,11.748999999999999,11.630999999999998,11.06
20190813,11.54,11.75,11.45,11.74,76550.56,89080.12199999999,11.581999999999997,11.796000000000005,11.736999999999998,11.651,11.070166666666667
20190814,11.85,12.22,11.8,12.21,149436.45,179577.41100000002,11.703999999999995,11.777000000000005,11.757,11.688999999999998,11.083500000000003
20190815,11.98,12.62,11.86,12.59,229425.48,284160.11100000003,11.899999999999995,11.817000000000004,11.8065,11.738666666666663,11.107333333333337
20190816,12.53,12.73,12.44,12.53,209501.99,263152.914,12.129999999999994,11.862000000000005,11.858,11.77733333333333,11.134166666666669
20190819,12.61,12.91,12.61,12.85,182657.14,233729.72100000002,12.383999999999995,11.979000000000005,11.9265,11.83133333333333,11.168333333333338
20190820,12.8,12.94,12.62,12.74,129361.34,164627.112,12.583999999999993,12.083000000000006,11.977,11.879666666666662,11.19233333333334
20190821,12.74,12.75,12.42,12.45,162189.62,202959.84,12.631999999999993,12.168000000000006,12.0075,11.918666666666663,11.214000000000006
20190822,12.57,12.89,12.38,12.58,134277.72,169513.62699999998,12.629999999999992,12.265000000000008,12.058000000000002,11.95633333333333,11.23833333333334
20190823,12.58,13.1,12.4,12.91,253703.87,326370.13399999996,12.705999999999992,12.41800000000001,12.123000000000001,11.990666666666664,11.270000000000007
20190826,12.55,13.46,12.55,13.25,310083.07,407306.655,12.78599999999999,12.58500000000001,12.204000000000002,12.027666666666665,11.309166666666673
20190827,13.36,13.54,13.16,13.33,224268.02,298184.189,12.903999999999993,12.74400000000001,12.270000000000001,12.072666666666663,11.354166666666675
20190828,13.25,13.25,12.75,12.81,195121.71,251934.642,12.975999999999994,12.804000000000007,12.290500000000002,12.105999999999996,11.394333333333341
20190829,12.82,12.94,12.64,12.84,99582.25,127180.281,13.027999999999995,12.829000000000008,12.323000000000002,12.147333333333329,11.447166666666675
20190830,12.85,12.94,12.45,12.5,131593.17,167026.375,12.945999999999994,12.826000000000008,12.344000000000001,12.180666666666662,11.496500000000008
20190902,12.51,13.02,12.43,13.02,154973.36,198788.991,12.899999999999995,12.843000000000009,12.411000000000001,12.231999999999994,11.554333333333343
20190903,13.03,13.06,12.77,12.95,104752.67,135229.779,12.823999999999995,12.864000000000008,12.473500000000001,12.272666666666659,11.603833333333343
20190904,12.91,12.99,12.64,12.94,129358.88,165773.943,12.849999999999994,12.913000000000007,12.540500000000002,12.309333333333326,11.655166666666677
20190905,12.94,13.16,12.86,13.02,166496.32,216821.87399999998,12.885999999999992,12.957000000000008,12.611,12.35766666666666,11.707833333333344
20190906,13.04,13.24,12.84,13.21,133393.35,174533.009,13.027999999999992,12.987000000000009,12.7025,12.410999999999992,11.764166666666677
20190909,13.29,13.35,13.04,13.16,136598.57,179265.612,13.055999999999992,12.978000000000009,12.781500000000001,12.461999999999993,11.81900000000001
20190910,13.19,13.45,12.97,13.43,166261.76,220137.701,13.15199999999999,12.988000000000008,12.866,12.509333333333327,11.878833333333342
20190911,13.37,13.5,13.14,13.25,113782.32,151266.997,13.21399999999999,13.032000000000007,12.918000000000001,12.537666666666661,11.933500000000008
20190912,13.23,13.3,13.05,13.13,69263.41,91077.347,13.23599999999999,13.061000000000007,12.945000000000002,12.568999999999994,11.983166666666675
20190916,13.18,13.22,12.99,13.03,89928.34,117358.106,13.199999999999989,13.114000000000008,12.970000000000002,12.60066666666666,12.026000000000007
20190917,13.05,13.05,12.64,12.7,98335.27,125399.138,13.10799999999999,13.082000000000004,12.9625,12.634666666666659,12.06233333333334
20190918,12.7,12.77,12.61,12.7,52241.89,66297.937,12.961999999999989,13.057000000000006,12.9605,12.667999999999994,12.102333333333343
20190919,12.7,12.88,12.62,12.82,48967.53,62608.573,12.875999999999987,13.045000000000005,12.979,12.708666666666659,12.14050000000001
20190920,12.9,13.21,12.85,13.15,111173.35,145341.351,12.87999999999999,13.058000000000003,13.007499999999999,12.759999999999991,12.17750000000001
20190923,13.15,13.16,12.7,12.76,78918.88,101292.415,12.82599999999999,13.013000000000002,12.999999999999996,12.80599999999999,12.210333333333345
20190924,12.69,12.84,11.48,11.48,502287.82,596042.823,12.58199999999999,12.845000000000002,12.911499999999998,12.802666666666658,12.216833333333344
20190925,11.39,11.4,11.16,11.26,288126.6,324402.118,12.293999999999992,12.628,12.807999999999998,12.786666666666658,12.218833333333345
20190926,11.26,11.37,10.84,10.85,203363.98,224741.0,11.89999999999999,12.388,12.709999999999999,12.741333333333326,12.215166666666677
20190927,10.72,11.08,10.72,10.95,124438.97,136286.404,11.45999999999999,12.169999999999998,12.615499999999999,12.68666666666666,12.212666666666678
20190930,11.0,11.18,10.83,10.86,116539.65,128030.489,11.079999999999988,11.953,12.533499999999998,12.630999999999995,12.204166666666678
20191008,10.88,10.97,10.69,10.72,124240.87,134663.644,10.927999999999988,11.754999999999999,12.418499999999998,12.559999999999995,12.195666666666678
20191009,10.76,10.76,10.49,10.73,126180.91,134232.735,10.82199999999999,11.558,12.3075,12.492999999999995,12.186333333333346
20191010,10.74,10.94,10.72,10.86,132586.78,143451.663,10.823999999999987,11.362,12.2035,12.439999999999996,12.179333333333346
20191011,10.96,10.96,10.8,10.88,83085.01,90367.45800000001,10.809999999999988,11.135,12.096499999999999,12.38333333333333,12.169833333333345
20191014,10.95,11.18,10.89,11.16,120752.2,133717.074,10.869999999999987,10.974999999999998,11.993999999999998,12.324999999999996,12.157833333333345
20191015,11.17,11.32,11.04,11.21,130666.37,146101.741,10.96799999999999,10.947999999999997,11.8965,12.256999999999996,12.142333333333346
20191016,11.19,11.3,11.08,11.14,92558.51,103472.595,11.049999999999988,10.935999999999996,11.782,12.183999999999996,12.128333333333346
20191017,11.15,11.2,10.91,10.98,117393.1,129345.09,11.07399999999999,10.948999999999998,11.668499999999998,12.122999999999996,12.114500000000014
20191018,10.99,11.22,10.96,11.0,127258.09,140914.608,11.097999999999988,10.953999999999997,11.562,12.061666666666664,12.104500000000012
20191021,11.01,11.04,10.72,10.8,109165.04,118182.963,11.025999999999991,10.947999999999997,11.4505,12.004999999999997,12.092833333333346
20191022,10.9,11.23,10.86,11.18,137071.66,152157.289,11.019999999999989,10.993999999999996,11.374500000000001,11.943666666666665,12.087833333333345
20191023,11.35,11.45,11.13,11.17,178479.67,200946.25199999998,11.025999999999987,11.037999999999997,11.298,11.884333333333332,12.07850000000001
20191024,11.24,11.28,11.06,11.16,107655.46,119856.853,11.061999999999987,11.067999999999996,11.215,11.825,12.067166666666676
20191025,11.18,11.37,11.14,11.29,105802.48,119092.765,11.119999999999987,11.108999999999998,11.122,11.767333333333335,12.062500000000007
20191028,11.3,11.41,11.2,11.35,118208.75,133836.511,11.229999999999986,11.127999999999997,11.0515,11.705333333333336,12.058166666666674
20191029,11.35,11.41,11.26,11.3,108388.04,122938.95199999999,11.253999999999987,11.136999999999997,11.0425,11.643333333333336,12.052666666666674
20191030,11.26,11.29,11.06,11.14,75596.0,84248.90699999999,11.247999999999987,11.136999999999997,11.0365,11.567000000000002,12.038166666666674
20191031,11.08,11.41,11.06,11.27,131120.52,147441.063,11.269999999999987,11.165999999999997,11.057500000000001,11.501000000000001,12.019333333333341
20191101,11.25,11.3,11.14,11.29,90034.83,101156.492,11.269999999999985,11.194999999999997,11.074500000000002,11.43966666666667,12.004333333333339
20191104,11.37,11.7,11.32,11.65,176696.07,204020.267,11.329999999999986,11.279999999999998,11.114,11.393666666666668,11.99716666666667
20191105,11.55,11.73,11.5,11.61,123869.93,143659.091,11.391999999999987,11.322999999999997,11.158500000000002,11.357333333333337,11.996000000000006
20191106,11.58,11.85,11.55,11.73,128080.69,150231.14,11.509999999999987,11.378999999999996,11.208500000000003,11.325000000000005,11.996500000000005
20191107,11.69,12.17,11.66,12.04,166939.77,199407.54,11.66399999999999,11.466999999999995,11.267500000000002,11.299000000000005,12.003833333333338
20191108,12.08,12.31,11.88,12.18,231170.25,280445.438,11.841999999999988,11.555999999999997,11.332500000000001,11.266666666666673,12.013333333333337
20191111,12.01,12.13,11.7,11.8,132703.61,157797.885,11.87199999999999,11.600999999999997,11.364500000000003,11.234666666666673,12.020333333333335
20191112,11.78,11.85,11.6,11.85,88118.71,103364.67199999999,11.919999999999991,11.655999999999997,11.396500000000001,11.247000000000007,12.024833333333335
20191113,11.82,11.87,11.52,11.62,92342.85,107948.795,11.89799999999999,11.703999999999997,11.4205,11.259000000000007,12.022833333333335
20191114,11.58,11.85,11.52,11.7,93731.96,110167.088,11.829999999999991,11.746999999999998,11.456500000000002,11.28733333333334,12.014333333333335
20191115,11.7,11.78,11.52,11.52,66749.44,77608.97099999999,11.697999999999992,11.77,11.482500000000002,11.306333333333338,11.996500000000001
20191118,11.55,11.6,11.33,11.48,83944.88,96053.287,11.633999999999991,11.752999999999997,11.5165,11.327000000000005,11.979000000000003
20191119,11.52,11.8,11.45,11.78,84755.48,98942.89300000001,11.619999999999992,11.769999999999998,11.5465,11.362333333333337,11.961166666666667
20191120,11.99,12.07,11.78,11.85,121701.59,144949.992,11.665999999999993,11.781999999999998,11.5805,11.39966666666667,11.946333333333335
20191121,11.83,11.85,11.64,11.7,64117.55,75137.65400000001,11.665999999999991,11.748,11.6075,11.42766666666667,11.933833333333334
20191122,11.76,11.77,11.31,11.38,109306.22,125744.30900000001,11.637999999999991,11.667999999999997,11.612,11.444333333333336,11.913833333333335
20191125,11.4,11.4,11.09,11.22,66337.11,74378.29,11.58599999999999,11.609999999999998,11.605500000000001,11.446333333333337,11.885666666666669
20191126,11.22,11.32,11.11,11.17,59814.97,66823.114,11.46399999999999,11.541999999999998,11.599,11.445000000000004,11.851
20191127,11.17,11.2,11.02,11.06,54879.25,61020.944,11.30599999999999,11.485999999999999,11.594999999999999,11.44233333333334,11.813166666666666
20191128,11.07,11.21,11.04,11.11,46387.02,51547.297999999995,11.187999999999992,11.426999999999998,11.587,11.44666666666667,11.784833333333333
20191129,11.11,11.2,10.95,11.0,61124.35,67241.912,11.111999999999991,11.374999999999998,11.5725,11.44666666666667,11.754166666666666
20191202,11.07,11.09,10.73,10.8,90890.25,98793.149,11.027999999999992,11.306999999999999,11.53,11.44666666666667,11.725833333333332
20191203,10.79,10.89,10.55,10.87,79181.0,84613.785,10.967999999999993,11.215999999999998,11.493,11.436333333333339,11.69
20191204,10.75,10.93,10.74,10.83,45894.34,49679.253,10.921999999999992,11.113999999999999,11.448000000000002,11.425000000000004,11.654666666666666
20191205,10.85,10.95,10.82,10.9,62331.28,67884.802,10.879999999999992,11.033999999999999,11.391000000000002,11.416333333333336,11.620666666666665
20191206,10.9,11.08,10.87,11.04,66523.23,73277.593,10.887999999999995,11.0,11.334000000000001,11.408000000000003,11.587666666666665
20191209,11.04,11.07,10.95,10.97,55347.77,60838.005999999994,10.921999999999993,10.975,11.2925,11.395333333333335,11.550333333333331
20191210,10.95,11.03,10.88,10.94,57293.46,62724.34,10.935999999999995,10.952,11.247000000000002,11.383333333333335,11.513333333333332
20191211,10.98,10.98,10.87,10.87,43384.46,47293.949,10.943999999999994,10.933,11.209500000000002,11.374333333333336,11.470666666666666
20191212,10.88,10.9,10.78,10.79,51565.6,55808.232,10.921999999999993,10.901,11.164000000000001,11.358333333333338,11.429666666666666
20191213,10.85,11.03,10.81,11.0,73317.0,80183.405,10.91399999999999,10.901,11.138000000000002,11.34866666666667,11.394166666666667
20191216,11.06,11.36,11.03,11.29,106833.59,119637.714,10.97799999999999,10.950000000000001,11.1285,11.336666666666671,11.365166666666665
20191217,11.4,11.44,11.3,11.38,105259.18,119772.936,11.065999999999992,11.001000000000001,11.108500000000001,11.329000000000004,11.343166666666665
20191218,11.34,11.43,11.31,11.37,76519.5,87021.82400000001,11.165999999999993,11.055000000000001,11.084500000000002,11.317000000000004,11.320999999999998
20191219,11.36,11.46,11.25,11.38,77825.21,88258.502,11.283999999999994,11.103,11.068500000000002,11.295000000000003,11.296999999999997
20191220,11.38,11.51,11.31,11.37,75826.45,86354.76,11.357999999999993,11.136000000000001,11.068000000000001,11.268000000000002,11.267333333333331
20191223,11.31,11.37,11.15,11.17,82441.71,92759.506,11.333999999999993,11.156000000000002,11.065500000000002,11.247000000000003,11.240833333333331
20191224,11.3,11.38,11.19,11.35,75232.69,84817.29800000001,11.327999999999992,11.197000000000001,11.074500000000002,11.230333333333336,11.238666666666663
20191225,11.32,11.33,11.15,11.22,64235.9,72083.367,11.297999999999995,11.232000000000001,11.082500000000001,11.217000000000004,11.237999999999998
20191226,11.23,11.31,11.22,11.26,47029.3,52942.849,11.273999999999994,11.279000000000002,11.09,11.202333333333337,11.24483333333333
20191227,11.26,11.39,11.25,11.27,81096.36,91807.69900000001,11.253999999999994,11.306000000000001,11.1035,11.194000000000004,11.250166666666663
20191230,11.34,11.54,11.27,11.5,113056.09,129252.79699999999,11.319999999999997,11.327000000000002,11.1385,11.19466666666667,11.260833333333329
20191231,11.43,11.69,11.4,11.63,122653.58,141956.438,11.375999999999994,11.352,11.1765,11.189666666666671,11.275999999999994
20200102,11.7,11.73,11.37,11.66,151817.66,175686.52899999998,11.463999999999995,11.381,11.218,11.183333333333337,11.291499999999994
20200103,11.67,11.86,11.54,11.79,127647.01,149736.554,11.569999999999997,11.422,11.2625,11.186333333333339,11.306999999999993
20200106,11.75,11.85,11.57,11.7,113745.48,133263.065,11.655999999999997,11.455,11.295499999999999,11.197000000000005,11.32066666666666
20200107,11.77,11.86,11.7,11.81,93102.76,109750.66,11.717999999999998,11.519,11.337499999999999,11.21666666666667,11.331499999999995
20200108,11.77,11.77,11.43,11.5,111430.18,129433.18699999999,11.691999999999997,11.534,11.365499999999999,11.22766666666667,11.336333333333327
20200109,11.58,11.88,11.58,11.83,117654.5,138446.532,11.725999999999999,11.595,11.413499999999999,11.253333333333336,11.347833333333329
20200110,11.87,11.94,11.69,11.87,113586.48,134545.668,11.742,11.656,11.4675,11.27866666666667,11.36266666666666
20200113,11.9,12.05,11.81,12.04,94095.46,112460.17800000001,11.809999999999999,11.733,11.519499999999999,11.313333333333336,11.379999999999994
20200114,12.07,12.08,11.91,11.92,71890.48,86250.09199999999,11.831999999999999,11.775,11.550999999999998,11.35066666666667,11.39866666666666
20200115,12.04,12.19,11.99,12.03,109363.22,132262.88,11.937999999999999,11.815000000000001,11.583499999999999,11.389333333333335,11.412833333333328
20200116,11.98,12.05,11.86,11.94,73897.14,88274.805,11.959999999999999,11.843,11.611999999999998,11.426333333333336,11.425666666666663
20200117,11.91,12.04,11.74,11.86,89404.64,106333.68,11.958,11.850000000000003,11.636,11.458333333333337,11.43733333333333
20200120,11.86,12.03,11.66,11.88,129849.81,153213.223,11.926,11.868000000000002,11.661499999999998,11.486333333333336,11.447166666666664
20200121,12.0,12.32,11.92,12.23,213303.0,259306.418,11.988,11.910000000000002,11.714499999999997,11.528333333333336,11.46183333333333
20200122,12.23,12.27,11.8,11.96,144942.69,172969.698,11.974,11.956000000000003,11.745,11.562333333333335,11.472833333333332
20200123,11.98,12.02,11.41,11.6,130621.64,152339.839,11.906,11.933000000000003,11.764,11.58666666666667,11.4805
20200203,10.6,11.04,10.56,10.67,174108.7,187351.926,11.668000000000001,11.813000000000002,11.734499999999999,11.58266666666667,11.470499999999998
20200204,10.69,11.26,10.69,11.17,153500.29,168396.03399999999,11.526,11.726000000000003,11.729499999999998,11.588333333333336,11.468499999999999
20200205,11.15,11.66,11.1,11.65,172340.19,196202.98,11.41,11.699000000000002,11.736999999999998,11.600333333333335,11.468499999999999
20200206,11.63,12.08,11.46,11.85,221262.28,262478.786,11.387999999999998,11.681000000000003,11.747999999999998,11.616000000000003,11.472499999999998
20200207,11.98,12.03,11.45,11.62,161843.74,189419.891,11.391999999999998,11.649000000000004,11.745999999999999,11.624333333333336,11.470666666666665
20200210,11.69,11.69,11.3,11.68,115837.78,133674.673,11.593999999999998,11.631000000000004,11.740499999999999,11.634333333333336,11.464666666666664
20200211,11.83,11.83,11.43,11.51,101073.73,116645.304,11.661999999999997,11.594000000000005,11.730999999999998,11.639000000000003,11.453499999999998
20200212,11.47,11.66,11.47,11.53,93258.56,107513.963,11.637999999999998,11.524000000000004,11.716999999999999,11.651000000000002,11.449
20200213,11.5,11.57,11.26,11.26,100079.91,113512.604,11.519999999999998,11.454000000000004,11.704999999999998,11.648,11.439166666666665
20200214,11.31,11.42,11.21,11.29,67615.9,76261.711,11.453999999999997,11.423000000000005,11.677999999999997,11.650333333333332,11.433666666666664
20200217,11.29,11.57,11.29,11.54,112574.26,128898.10699999999,11.425999999999998,11.510000000000003,11.661499999999997,11.659666666666668,11.430999999999996
20200218,11.62,11.73,11.49,11.66,92987.43,108048.296,11.456,11.559000000000003,11.642499999999997,11.672666666666668,11.43333333333333
20200219,11.61,11.95,11.5,11.88,180713.57,212909.77899999998,11.526,11.582000000000003,11.640499999999998,11.685333333333336,11.439999999999996
20200220,11.89,11.89,11.63,11.83,137565.53,161700.045,11.639999999999999,11.580000000000002,11.630499999999998,11.692000000000002,11.44083333333333
20200221,11.77,11.83,11.69,11.76,134649.86,158078.875,11.733999999999998,11.594000000000003,11.621499999999997,11.695333333333334,11.43933333333333
20200224,11.75,11.93,11.64,11.82,170963.57,201626.285,11.79,11.608,11.619499999999997,11.696333333333333,11.44133333333333
20200225,11.67,11.89,11.5,11.86,181459.13,212799.706,11.830000000000002,11.643,11.618499999999997,11.701666666666666,11.44933333333333
20200226,11.7,11.74,11.48,11.5,140557.75,163013.206,11.754000000000001,11.64,11.581999999999997,11.691333333333334,11.453999999999997
20200227,11.66,11.73,11.5,11.6,102655.51,119113.756,11.708000000000002,11.674,11.563999999999997,11.694666666666668,11.461166666666664
20200228,11.34,11.56,11.1,11.11,123915.43,139748.574,11.578000000000001,11.656,11.539499999999997,11.67066666666667,11.461999999999998
20200302,11.23,11.46,11.19,11.43,102109.31,115870.6,11.500000000000002,11.645000000000001,11.577499999999997,11.656000000000002,11.46733333333333
20200303,11.51,11.59,11.37,11.43,89623.92,102935.03,11.414000000000001,11.622000000000003,11.590499999999999,11.635666666666669,11.474499999999997
20200304,11.39,11.54,11.32,11.5,91073.24,104204.519,11.414000000000001,11.584000000000003,11.582999999999998,11.621666666666668,11.486166666666664
20200305,11.58,12.3,11.52,12.3,364613.79,438092.30600000004,11.554,11.631000000000004,11.6055,11.630666666666668,11.509999999999996
20200306,12.31,12.65,12.25,12.38,297212.67,369605.636,11.808000000000002,11.693000000000005,11.6435,11.645333333333335,11.53583333333333
20200309,12.12,12.9,12.06,12.26,299535.85,375168.7,11.974000000000002,11.737000000000005,11.672499999999998,11.658666666666669,11.558499999999997
20200310,12.26,12.43,11.89,12.38,198506.38,242199.788,12.164000000000003,11.789000000000005,11.715999999999998,11.675333333333334,11.580833333333329
20200311,12.48,12.5,11.94,11.97,182941.37,222339.038,12.258000000000004,11.836000000000007,11.737999999999998,11.666666666666668,11.597499999999997
20200312,11.82,11.94,11.33,11.41,183246.85,211483.82,12.080000000000004,11.817000000000007,11.745499999999998,11.648333333333337,11.605333333333329
20200313,10.9,11.24,10.66,11.12,184367.07,201042.54100000003,11.828000000000005,11.818000000000008,11.736999999999998,11.632333333333337,11.609499999999995
20200316,11.2,11.29,10.66,10.74,162839.61,179464.00199999998,11.524000000000004,11.749000000000006,11.697,11.63466666666667,11.608666666666663
20200317,10.75,10.84,10.12,10.48,139312.48,145088.445,11.144000000000004,11.654000000000007,11.638,11.61166666666667,11.599999999999996
20200318,10.56,10.67,10.28,10.29,94345.38,99069.046,10.808000000000003,11.533000000000007,11.558499999999999,11.566333333333338,11.58333333333333
20200319,10.22,10.37,9.91,10.14,106510.36,107306.205,10.554000000000006,11.317000000000007,11.474,11.509333333333336,11.562666666666663
20200320,10.2,10.4,10.2,10.39,74649.8,76915.258,10.408000000000005,11.118000000000007,11.4055,11.468333333333335,11.54633333333333
20200323,10.19,10.44,10.12,10.2,64575.97,66632.34,10.300000000000004,10.912000000000008,11.3245,11.419000000000002,11.526666666666664
20200324,10.4,10.51,10.25,10.5,66847.06,69535.171,10.304000000000006,10.724000000000007,11.256499999999999,11.385333333333335,11.512166666666664
20200325,10.64,10.73,10.56,10.67,82995.1,88367.541,10.380000000000006,10.594000000000008,11.215,11.356666666666671,11.50383333333333
20200326,10.6,10.85,10.55,10.75,85803.98,92032.759,10.502000000000006,10.52800000000001,11.1725,11.33966666666667,11.49383333333333
20200327,10.78,10.9,10.65,10.72,91345.67,98291.005,10.568000000000005,10.488000000000008,11.153,11.320666666666671,11.485499999999996
20200330,10.72,10.99,10.57,10.91,140534.87,151969.173,10.710000000000004,10.505000000000008,11.126999999999999,11.29966666666667,11.479666666666663
20200331,10.99,11.46,10.85,11.41,175912.99,197131.818,10.892000000000005,10.598000000000008,11.126,11.291333333333338,11.481999999999996
20200401,11.36,11.45,11.05,11.09,102491.16,115168.35699999999,10.976000000000004,10.678000000000008,11.1055,11.265000000000004,11.475166666666663
20200402,11.03,11.11,10.84,11.05,106937.14,116837.35800000001,11.036000000000005,10.769000000000009,11.043,11.239000000000004,11.465499999999995
20200403,11.0,11.35,11.0,11.11,68776.95,76842.633,11.114000000000004,10.841000000000008,10.979499999999998,11.217333333333338,11.45633333333333
20200407,11.3,11.69,11.17,11.63,154876.82,177321.052,11.258000000000004,10.984000000000007,10.947999999999999,11.211000000000006,11.453666666666663
20200408,11.56,12.42,11.56,12.28,284197.27,343904.51200000005,11.432000000000006,11.162000000000008,10.943,11.225000000000003,11.46333333333333
20200409,12.3,12.88,12.18,12.56,304999.24,383655.846,11.726000000000004,11.351000000000008,10.9725,11.260333333333337,11.475833333333329
20200410,12.49,12.8,12.31,12.36,170537.1,213544.362,11.988000000000005,11.512000000000008,11.02,11.28566666666667,11.490166666666662
20200413,12.36,12.77,12.32,12.45,149932.98,188183.60600000003,12.256000000000006,11.685000000000008,11.0865,11.330333333333336,11.500499999999995
20200414,12.5,13.7,12.48,13.7,334754.44,443566.555,12.670000000000005,11.964000000000008,11.234499999999999,11.406000000000002,11.530999999999997
20200415,14.1,14.8,13.6,13.87,630004.41,886278.622,12.988000000000005,12.210000000000008,11.404,11.487333333333336,11.561499999999997
20200416,13.5,14.09,13.4,13.81,368381.0,506231.263,13.238000000000005,12.482000000000008,11.58,11.564333333333336,11.592999999999996
20200417,13.7,13.81,13.31,13.33,319349.67,431974.383,13.432000000000006,12.71000000000001,11.739500000000001,11.598666666666668,11.614666666666665
20200420,13.37,13.75,13.3,13.53,185370.7,250362.5,13.648000000000005,12.952000000000009,11.8965,11.637,11.641166666666663
20200421,13.66,13.94,13.3,13.56,180315.99,244840.615,13.620000000000005,13.14500000000001,12.0645,11.680333333333333,11.669499999999996
20200422,13.53,13.76,13.21,13.6,175751.02,237580.863,13.566000000000003,13.27700000000001,12.2195,11.721000000000002,11.698166666666662
20200423,13.7,14.25,13.62,13.68,248848.03,344805.417,13.540000000000003,13.38900000000001,12.370000000000001,11.778,11.722333333333328
20200424,13.61,13.83,13.21,13.41,196307.56,264357.89,13.556000000000003,13.49400000000001,12.503,11.844666666666667,11.746499999999994
20200427,13.5,13.88,13.02,13.67,200946.47,273062.442,13.584000000000003,13.61600000000001,12.650500000000001,11.929666666666668,11.780999999999993
20200428,13.78,14.42,13.4,14.16,325452.8,457951.065,13.704000000000002,13.662000000000011,12.812999999999999,12.043666666666669,11.83916666666666
20200429,14.19,14.35,13.75,13.89,179100.73,251771.67899999997,13.762000000000004,13.66400000000001,12.936999999999998,12.157333333333334,11.884499999999994
20200430,13.89,13.96,13.15,13.4,248349.9,334376.527,13.706000000000007,13.62300000000001,13.052499999999998,12.261,11.91366666666666
20200506,13.28,14.74,13.26,14.74,532111.67,761034.439,13.972000000000005,13.76400000000001,13.236999999999998,12.414333333333333,11.961833333333326
20200507,14.59,14.83,14.33,14.59,350442.99,511297.084,14.156000000000006,13.87000000000001,13.410999999999996,12.554333333333334,12.011333333333328
20200508,14.56,14.99,14.36,14.46,254142.97,370231.83,14.216000000000008,13.960000000000012,13.552499999999995,12.696333333333333,12.05766666666666
20200511,14.48,14.8,14.24,14.48,221696.09,320937.74100000004,14.334000000000009,14.04800000000001,13.662499999999998,12.829,12.107166666666663
20200512,14.51,14.83,14.35,14.6,191019.3,278725.243,14.574000000000007,14.14000000000001,13.764499999999998,12.96,12.15833333333333
20200513,14.4,15.15,14.33,14.86,223515.63,331427.331,14.598000000000008,14.28500000000001,13.889499999999998,13.097000000000001,12.21833333333333
20200514,14.79,14.79,14.39,14.39,159603.69,232072.753,14.558000000000007,14.357000000000014,13.986499999999998,13.219333333333333,12.269999999999998
20200515,14.5,14.59,13.99,14.1,164767.82,233691.063,14.486000000000008,14.351000000000013,14.006499999999999,13.325666666666667,12.312666666666665
20200518,14.08,14.41,13.95,14.21,135491.52,192546.003,14.432000000000007,14.383000000000015,14.023499999999999,13.418999999999999,12.355166666666666
20200519,14.37,14.55,13.97,14.16,142671.84,202651.172,14.344000000000008,14.459000000000014,14.041,13.521333333333333,12.393166666666666
20200520,14.18,14.37,13.6,13.78,232677.81,323004.164,14.128000000000009,14.363000000000014,14.0635,13.612333333333332,12.425666666666665
20200521,13.9,14.72,13.81,14.29,314508.64,452550.42299999995,14.108000000000008,14.333000000000013,14.101500000000001,13.718333333333332,12.46783333333333
20200522,14.36,14.48,13.83,13.91,152163.38,215341.39899999998,14.070000000000007,14.278000000000011,14.119000000000003,13.794333333333332,12.502666666666663
20200525,13.99,14.96,13.86,14.82,287301.57,419810.37299999996,14.192000000000007,14.312000000000012,14.180000000000001,13.879,12.551999999999996
20200526,14.84,15.02,14.56,14.92,231332.91,342633.227,14.344000000000008,14.344000000000012,14.242,13.957666666666666,12.608999999999996
20200527,14.83,14.87,13.99,14.15,290922.95,419001.56,14.41800000000001,14.273000000000014,14.279,14.017333333333333,12.651499999999995
20200528,14.14,14.14,13.45,13.71,216809.69,298206.863,14.30200000000001,14.205000000000013,14.280999999999997,14.059333333333333,12.694833333333328
20200529,13.61,13.96,13.57,13.75,108291.4,149416.935,14.27000000000001,14.170000000000012,14.260499999999997,14.061,12.733499999999996
20200601,13.81,14.18,13.79,14.08,147628.92,205923.65899999999,14.122000000000009,14.157000000000014,14.269999999999996,14.068,12.777666666666665
20200602,14.05,14.17,13.73,13.9,175833.44,244467.848,13.91800000000001,14.131000000000014,14.294999999999996,14.070999999999998,12.817666666666664
20200603,13.88,14.12,13.75,13.89,126960.46,176286.293,13.866000000000009,14.142000000000015,14.252499999999994,14.089666666666664,12.844166666666665
20200604,13.9,13.92,13.65,13.88,103800.11,143296.02,13.900000000000006,14.101000000000017,14.216999999999995,14.101333333333333,12.869166666666665
20200605,13.96,14.48,13.81,14.11,204473.48,290057.089,13.972000000000005,14.121000000000018,14.199499999999997,14.119666666666665,12.899999999999999
20200608,14.28,15.34,13.92,15.0,457432.02,674413.84,14.156000000000006,14.139000000000019,14.225499999999997,14.166333333333332,12.943666666666665
20200609,15.02,16.5,15.02,16.5,510057.19,815523.8359999999,14.676000000000005,14.29700000000002,14.320499999999996,14.260333333333332,13.019166666666665
20200610,17.03,17.09,16.46,16.88,486677.59,815631.36,15.274000000000004,14.570000000000018,14.421499999999995,14.375999999999998,13.110333333333331
20200611,16.83,17.03,16.3,16.55,330564.38,549920.792,15.808000000000003,14.854000000000019,14.529499999999995,14.471999999999998,13.20083333333333
20200612,16.35,16.6,16.11,16.44,297932.15,487125.54600000003,16.274000000000004,15.123000000000019,14.646499999999994,14.547999999999996,13.29583333333333
20200615,16.68,16.94,16.14,16.29,285664.66,468369.49700000003,16.532000000000004,15.344000000000017,14.750499999999997,14.627999999999997,13.392666666666663
20200616,16.3,16.76,16.18,16.71,238977.83,395087.685,16.574000000000005,15.625000000000018,14.877999999999995,14.738333333333332,13.499666666666664
20200617,16.71,17.24,16.42,16.78,261217.74,438969.73299999995,16.55400000000001,15.914000000000016,15.027999999999997,14.806333333333331,13.610333333333331
20200618,16.7,16.7,15.9,16.07,244426.0,394444.088,16.458000000000006,16.133000000000017,15.116999999999996,14.855666666666666,13.705
20200619,16.0,16.25,15.87,16.06,184588.18,297469.53,16.38200000000001,16.328000000000014,15.224499999999995,14.908999999999999,13.802666666666664
20200622,16.05,16.24,15.72,15.85,150093.4,238793.975,16.294000000000004,16.413000000000014,15.275999999999996,14.954666666666666,13.89183333333333
20200623,15.86,16.44,15.73,16.08,189763.07,306037.643,16.168000000000006,16.371000000000016,15.333999999999994,15.003999999999998,13.982
20200624,16.09,16.6,15.71,15.99,165711.44,264877.536,16.010000000000005,16.282000000000018,15.425999999999997,15.041666666666664,14.069333333333333
20200629,15.87,16.36,15.86,15.99,153636.11,246783.90600000002,15.994000000000005,16.226000000000017,15.539999999999997,15.094999999999999,14.157166666666665
20200630,16.1,16.96,16.01,16.86,281229.71,467617.588,16.154000000000003,16.26800000000002,15.6955,15.187,14.256333333333334
20200701,16.8,16.82,16.0,16.19,237020.8,387854.624,16.222000000000005,16.258000000000017,15.800999999999998,15.252999999999998,14.336000000000002
20200702,16.14,16.17,15.73,15.9,234453.03,373824.848,16.186000000000007,16.177000000000017,15.901,15.310999999999998,14.416166666666667
20200703,15.9,16.35,15.75,16.28,182561.69,292833.12,16.244000000000007,16.127000000000017,16.0205,15.39433333333333,14.503333333333334
20200706,16.25,16.55,15.94,16.38,251015.88,408522.399,16.32200000000001,16.15800000000002,16.1455,15.463999999999997,14.591166666666668
20200707,16.5,16.83,16.21,16.54,263014.87,434557.28799999994,16.258000000000006,16.206000000000017,16.267,15.551666666666664,14.673
20200708,16.54,17.25,16.42,17.23,292235.8,494437.22,16.466000000000008,16.344000000000015,16.3785,15.631999999999998,14.755500000000001
20200709,17.3,17.39,16.8,17.17,305717.49,521805.66299999994,16.720000000000006,16.45300000000002,16.412,15.706999999999997,14.832333333333334
20200710,17.13,17.85,16.8,17.06,265981.77,459591.81200000003,16.87600000000001,16.56000000000002,16.421,15.803999999999998,14.910666666666666
20200713,17.0,17.83,16.88,17.81,251379.77,438674.946,17.16200000000001,16.74200000000002,16.484,15.940666666666665,14.999999999999998
20200714,17.8,18.17,17.01,17.5,265481.34,467287.48799999995,17.354000000000006,16.80600000000002,16.537,16.065666666666665,15.06333333333333
20200715,17.55,18.34,17.51,17.96,334197.54,603218.823,17.500000000000007,16.98300000000002,16.6205,16.195,15.131499999999997
20200716,17.98,18.08,16.16,16.16,348007.61,589806.836,17.29800000000001,17.009000000000018,16.593,16.270333333333333,15.170666666666666
20200717,16.16,16.64,15.93,16.64,213066.18,347439.41299999994,17.214000000000006,17.04500000000002,16.586000000000002,16.362000000000002,15.22583333333333
20200720,16.64,16.79,16.0,16.43,184876.79,301924.32899999997,16.938000000000006,17.05000000000002,16.604000000000003,16.447,15.274166666666664
20200721,16.44,16.91,16.38,16.91,216577.52,361212.357,16.820000000000004,17.08700000000002,16.646500000000003,16.540333333333333,15.329999999999997
20200722,16.78,17.4,16.7,17.0,230129.97,394088.07899999997,16.628000000000004,17.06400000000002,16.704,16.607000000000003,15.386666666666663
20200723,16.9,17.4,16.74,17.31,195139.22,334318.857,16.858000000000004,17.07800000000002,16.765500000000003,16.634,15.447166666666664
20200724,17.22,17.26,15.7,15.99,298559.37,486793.131,16.728,16.97100000000002,16.765500000000003,16.604333333333333,15.490166666666664
20200727,16.0,16.16,15.55,15.92,139604.91,221214.112,16.626000000000005,16.782000000000018,16.762000000000004,16.583333333333332,15.527666666666665
20200728,15.97,16.09,15.65,15.89,99288.76,156977.25699999998,16.422000000000004,16.62100000000002,16.713500000000003,16.565,15.556499999999998
20200729,15.89,17.12,15.88,17.0,237762.73,393145.381,16.422000000000004,16.52500000000002,16.754,16.58866666666667,15.60833333333333
20200730,16.92,18.45,16.84,17.74,435264.97,774585.507,16.508000000000003,16.68300000000002,16.846000000000004,16.623,15.680666666666665
20200731,17.59,17.65,16.8,17.27,428812.96,736162.3470000001,16.764000000000003,16.74600000000002,16.895500000000006,16.639333333333337,15.722833333333332
20200803,17.54,18.85,17.49,18.57,436985.43,806403.025,17.294000000000004,16.96000000000002,17.005000000000003,16.722666666666672,15.789166666666665
20200804,18.88,19.1,18.35,18.8,424919.64,797661.788,17.876,17.149000000000022,17.118000000000002,16.814000000000004,15.861499999999998
20200805,18.78,19.05,18.09,18.65,321405.01,600380.702,18.206,17.31400000000002,17.189,16.907333333333337,15.930999999999996
20200806,19.0,19.6,18.38,18.61,394416.52,744103.685,18.380000000000003,17.444000000000024,17.261000000000003,16.99166666666667,15.997833333333329
20200807,18.51,18.94,17.8,18.2,274397.54,501096.12100000004,18.566000000000003,17.66500000000002,17.318,17.06533333333334,16.053499999999996
20200810,18.96,20.02,18.8,20.02,449544.16,884165.536,18.856,18.075000000000024,17.4285,17.19966666666667,16.14733333333333
20200811,20.79,20.88,19.36,19.63,534084.38,1065699.289,19.022,18.449000000000023,17.535,17.292000000000005,16.239499999999996
20200812,19.63,19.77,18.0,18.64,331245.58,617744.464,19.02,18.61300000000002,17.569,17.37366666666667,16.31333333333333
20200813,18.7,18.75,18.2,18.3,174813.34,321676.794,18.958,18.669000000000022,17.676,17.453666666666667,16.382333333333328
20200814,18.11,18.45,17.73,18.33,182080.13,329264.843,18.983999999999998,18.77500000000002,17.7605,17.522000000000002,16.458166666666664
20200817,18.35,18.6,18.07,18.53,146627.75,269796.13300000003,18.686,18.771000000000022,17.8655,17.593666666666667,16.52883333333333
20200818,18.48,18.74,18.36,18.48,145499.31,269290.475,18.456,18.73900000000002,17.944,17.65833333333334,16.604999999999997
20200819,18.41,18.5,17.94,17.98,139686.1,252943.861,18.324,18.67200000000002,17.993000000000002,17.683333333333337,16.657666666666664
20200820,17.84,18.06,17.37,17.47,149555.86,264625.327,18.158,18.558000000000014,18.001,17.69333333333334,16.700166666666664
20200821,17.51,18.35,17.41,18.24,211846.84,380523.164,18.14,18.56200000000002,18.113500000000002,17.732666666666674,16.76833333333333
20200824,18.45,18.45,17.99,18.14,103121.03,187425.59600000002,18.062,18.374000000000017,18.2245,17.743666666666677,16.842166666666667
20200825,18.17,18.7,18.08,18.19,145099.61,266212.837,18.003999999999998,18.230000000000015,18.3395,17.766666666666676,16.916166666666665
20200826,18.29,18.29,17.69,17.84,109844.67,196828.628,17.976,18.150000000000016,18.3815,17.76266666666668,16.97883333333333
20200827,17.94,17.94,17.25,17.65,94678.2,165975.298,18.012,18.085000000000015,18.377,17.812333333333346,17.04133333333333
20200828,17.64,18.42,17.43,18.24,135510.4,243777.90899999999,18.012,18.076000000000015,18.4255,17.86566666666668,17.11383333333333
20200831,18.24,18.73,18.15,18.3,123780.34,228042.587,18.044,18.05300000000002,18.412,17.92800000000001,17.187499999999993
20200901,18.27,18.36,17.9,18.06,83396.49,150458.418,18.018,18.011000000000017,18.375,17.966333333333345,17.253333333333327
20200902,18.08,18.25,17.91,18.06,63180.22,114204.966,18.062,18.01900000000002,18.3455,18.001666666666676,17.304333333333325
20200903,18.02,18.35,17.8,17.92,89177.92,161279.439,18.116000000000003,18.064000000000018,18.311,18.02200000000001,17.327999999999992
20200904,17.51,17.77,17.3,17.47,138304.21,241103.706,17.962000000000003,17.987000000000016,18.274500000000003,18.071333333333346,17.337833333333325
20200907,17.33,17.38,16.29,16.44,209450.06,351837.781,17.590000000000003,17.817000000000018,18.095500000000005,18.08866666666668,17.335999999999995
20200908,16.4,16.57,15.94,16.04,199650.48,321784.85,17.186,17.602000000000018,17.916000000000004,18.09366666666668,17.329333333333327
20200909,15.86,15.9,15.33,15.61,147977.38,231227.835,16.696,17.379000000000016,17.764500000000005,18.04733333333335,17.31799999999999
20200910,15.83,16.03,15.4,15.44,109511.42,172418.187,16.2,17.158000000000015,17.621500000000005,17.97066666666668,17.296833333333325
20200911,15.41,15.8,15.4,15.78,90469.31,141158.916,15.862,16.912000000000013,17.494000000000007,17.921000000000014,17.28016666666666
20200914,15.84,16.09,15.56,15.76,102509.75,162213.999,15.726000000000003,16.658000000000012,17.355500000000006,17.827333333333346,17.27499999999999
20200915,15.78,16.34,15.68,16.13,107968.53,173414.199,15.744,16.46500000000001,17.238000000000007,17.738333333333347,17.27616666666666
20200916,16.12,16.4,16.04,16.24,78550.68,127470.834,15.87,16.283000000000012,17.151000000000003,17.658000000000015,17.282666666666664
20200917,16.2,16.25,15.74,15.88,72504.5,115602.33,15.957999999999998,16.079000000000015,17.071500000000004,17.567000000000014,17.279333333333334
20200918,15.85,16.16,15.78,16.16,49807.63,79778.319,16.034,15.948000000000013,16.967500000000005,17.499000000000013,17.28216666666667
20200921,16.08,16.32,15.85,15.86,80772.46,129469.87199999999,16.053999999999995,15.890000000000015,16.853500000000004,17.360333333333347,17.279999999999998
20200922,15.75,16.11,15.69,15.73,83091.03,132308.19,15.973999999999998,15.859000000000014,16.730500000000006,17.23033333333335,17.261166666666668
20200923,15.79,16.19,15.61,16.11,89379.17,143266.93099999998,15.947999999999999,15.909000000000015,16.64400000000001,17.146000000000015,17.259833333333333
20200924,16.08,16.32,15.92,16.13,86851.01,140059.693,15.998,15.978000000000014,16.56800000000001,17.073666666666682,17.263666666666666
20200925,16.13,16.23,15.85,15.98,74514.76,119378.492,15.962,15.998000000000014,16.45500000000001,16.995333333333352,17.258666666666667
20200928,15.89,15.95,15.68,15.69,63201.81,99729.54699999999,15.928,15.991000000000014,16.324500000000008,16.900666666666684,17.247166666666665
20200929,15.75,15.8,15.47,15.49,83383.11,129931.104,15.879999999999999,15.927000000000016,16.19600000000001,16.80100000000002,17.229666666666667
20200930,15.63,15.82,15.2,15.34,81353.02,126429.498,15.725999999999999,15.837000000000014,16.06000000000001,16.71300000000002,17.198166666666665
20201009,15.51,16.48,15.51,16.42,152084.1,245548.58,15.784,15.891000000000014,15.985000000000008,16.678000000000015,17.185666666666666
20201012,16.43,16.66,16.33,16.58,109641.89,180792.94,15.904,15.933000000000012,15.940500000000009,16.622666666666685,17.177666666666664
20201013,16.62,16.88,16.47,16.77,89902.84,150293.282,16.119999999999997,16.02400000000001,15.957000000000008,16.577000000000016,17.16033333333333
20201014,16.63,17.35,16.56,16.93,142019.56,242265.30800000002,16.408,16.144000000000013,16.001500000000007,16.535000000000014,17.15083333333333
20201015,17.18,17.18,16.69,16.7,61638.5,103496.653,16.68,16.203000000000014,16.056000000000004,16.497000000000018,17.129833333333334
20201016,16.74,16.99,16.58,16.85,55146.23,92580.356,16.766,16.275000000000013,16.126500000000007,16.47033333333335,17.14133333333333
20201019,16.9,17.15,16.53,16.68,65619.6,110347.959,16.785999999999998,16.345000000000017,16.17150000000001,16.41833333333335,17.141999999999996
20201020,16.6,16.81,16.46,16.65,47168.4,78389.072,16.761999999999997,16.441000000000017,16.216000000000008,16.36333333333335,17.145666666666664
20201021,16.65,16.78,16.18,16.37,73071.22,119642.945,16.65,16.529000000000018,16.22800000000001,16.307000000000016,17.13666666666666
20201022,16.37,16.37,15.79,15.95,77269.19,122922.123,16.5,16.590000000000014,16.213500000000007,16.236666666666682,17.11916666666666
20201023,15.92,16.06,15.54,15.71,66057.36,104014.632,16.272000000000002,16.519000000000016,16.205000000000005,16.163000000000014,17.092499999999994
20201026,15.72,15.72,15.23,15.54,78293.98,121059.20300000001,16.044,16.415000000000013,16.174000000000007,16.098666666666684,17.084999999999994
20201027,15.48,15.85,15.38,15.67,59402.77,93204.26,15.848000000000003,16.305000000000014,16.164500000000007,16.073000000000018,17.080833333333327
20201028,15.68,15.94,15.4,15.79,62551.52,98004.76,15.732,16.19100000000001,16.167500000000008,16.064666666666685,17.07916666666666
20201029,15.67,16.02,15.56,15.88,85133.6,134778.234,15.717999999999998,16.109000000000012,16.156000000000006,16.073666666666682,17.060499999999994
20201030,15.89,16.14,15.66,15.68,114570.3,182029.827,15.711999999999994,15.992000000000013,16.133500000000005,16.081666666666685,17.02616666666666
20201102,16.03,16.6,15.74,16.4,140402.36,227932.238,15.883999999999997,15.964000000000013,16.154500000000006,16.102333333333352,17.011666666666663
20201103,16.39,16.55,16.15,16.31,85219.03,139077.506,16.011999999999997,15.930000000000012,16.185500000000005,16.120666666666683,16.973999999999997
20201104,16.25,16.51,16.18,16.43,56812.32,92945.336,16.139999999999997,15.936000000000012,16.232500000000005,16.130666666666684,16.934499999999996
20201105,16.48,16.74,16.36,16.69,75993.08,126234.446,16.302,16.010000000000012,16.300000000000004,16.145666666666685,16.90183333333333
20201106,16.69,16.7,16.37,16.6,67513.31,111643.29199999999,16.485999999999997,16.09900000000001,16.309000000000005,16.169666666666686,16.86833333333333
20201109,16.5,16.84,16.5,16.75,74392.85,124271.59800000001,16.555999999999994,16.220000000000013,16.317500000000006,16.18933333333335,16.844166666666663
20201110,16.7,16.89,16.5,16.57,58653.26,97428.77699999999,16.607999999999993,16.310000000000013,16.307500000000008,16.213000000000015,16.786666666666665
20201111,16.51,16.6,16.09,16.22,57599.19,93602.875,16.565999999999992,16.353000000000016,16.272000000000006,16.229333333333347,16.729833333333332
20201112,16.22,16.48,16.17,16.35,42783.89,69739.661,16.49799999999999,16.400000000000013,16.254500000000007,16.23733333333335,16.691666666666666
20201113,16.32,16.4,16.14,16.32,47930.81,77920.13,16.44199999999999,16.464000000000013,16.228000000000005,16.24366666666668,16.658666666666665
20201116,16.35,16.68,16.27,16.63,78388.87,129190.555,16.41799999999999,16.487000000000013,16.225500000000004,16.26533333333335,16.630333333333333
20201117,16.7,17.13,16.66,16.89,158256.09,268118.838,16.48199999999999,16.54500000000001,16.237500000000004,16.305333333333348,16.602999999999998
20201118,16.8,16.84,16.46,16.77,75491.44,125564.86,16.591999999999988,16.57900000000001,16.257500000000004,16.348000000000013,16.574499999999997
20201119,16.75,17.3,16.66,17.27,164511.59,282292.321,16.77599999999999,16.63700000000001,16.323500000000003,16.412333333333347,16.562666666666665
20201120,17.46,17.58,17.28,17.5,98821.61,172575.27800000002,17.01199999999999,16.72700000000001,16.413000000000004,16.448333333333345,16.563166666666664
20201123,17.49,18.04,17.25,17.85,139724.77,248458.908,17.25599999999999,16.83700000000001,16.528500000000005,16.49066666666668,16.556666666666665
20201124,17.79,18.0,17.55,17.82,86060.82,153380.658,17.441999999999986,16.96200000000001,16.636000000000003,16.52566666666668,16.551333333333332
20201125,17.79,17.79,17.05,17.05,118857.56,205404.13,17.497999999999987,17.045000000000012,16.699000000000005,16.529666666666678,16.53233333333333
20201126,17.05,17.4,16.44,16.76,111700.11,187200.944,17.39599999999999,17.086000000000013,16.743000000000002,16.53166666666668,16.51433333333333
20201127,16.83,16.85,16.37,16.8,82437.48,136646.44,17.25599999999999,17.134000000000015,16.799000000000003,16.530000000000015,16.50016666666666
20201130,16.82,17.98,16.81,17.55,203001.58,357591.643,17.195999999999987,17.226000000000017,16.856500000000004,16.55900000000001,16.488666666666663
20201201,17.64,18.57,17.58,18.5,234624.53,430015.14700000006,17.331999999999987,17.387000000000018,16.966000000000005,16.620666666666683,16.491999999999997
20201202,18.48,18.55,18.05,18.39,112235.67,205613.63600000003,17.599999999999987,17.549000000000014,17.064000000000004,16.688000000000013,16.497499999999995
20201203,18.55,19.33,18.46,19.07,209111.89,395928.62,18.061999999999987,17.729000000000013,17.183000000000003,16.792000000000016,16.514333333333333
20201204,19.03,19.54,19.02,19.15,167912.97,323449.481,18.531999999999986,17.894000000000013,17.3105,16.906666666666684,16.53483333333333
20201207,18.85,19.22,18.65,18.72,118840.54,224461.85100000002,18.765999999999984,17.981000000000016,17.409000000000002,17.012666666666682,16.555666666666664
20201208,19.08,19.09,18.48,18.65,110338.07,206205.41199999998,18.795999999999985,18.064000000000014,17.513,17.11200000000002,16.592499999999998
20201209,18.66,18.86,18.0,18.04,124652.41,229422.46,18.725999999999985,18.163000000000014,17.604000000000003,17.18700000000002,16.62583333333333
20201210,18.23,18.35,17.78,17.97,140456.59,254025.29,18.505999999999982,18.284000000000013,17.685000000000002,17.256666666666685,16.665166666666664
20201211,18.13,18.13,17.29,17.34,116706.46,205051.02300000002,18.143999999999984,18.338000000000015,17.736,17.312000000000022,16.69683333333333
20201214,17.68,17.7,17.17,17.4,66270.68,115274.644,17.879999999999985,18.323000000000015,17.7745,17.345333333333357,16.72383333333333
20201215,17.4,18.16,17.18,17.78,123803.28,219565.12600000002,17.70599999999998,18.251000000000012,17.819,17.394333333333357,16.757499999999997
20201216,17.78,17.82,16.99,17.3,113250.27,196477.37399999998,17.557999999999982,18.142000000000014,17.8455,17.423333333333357,16.776999999999997
20201217,17.3,17.7,16.99,17.28,130883.34,226592.63100000002,17.41999999999998,17.963000000000015,17.846000000000004,17.443000000000023,16.79433333333333
20201218,17.36,17.36,16.86,17.0,92795.59,158103.451,17.351999999999983,17.74800000000001,17.821000000000005,17.456333333333355,16.813
20201221,16.84,17.02,16.65,16.85,79572.63,134135.191,17.24199999999998,17.561000000000014,17.771000000000004,17.45966666666669,16.824499999999997
20201222,16.8,17.09,16.35,16.36,132211.61,221136.171,16.957999999999977,17.332000000000015,17.698000000000004,17.452666666666687,16.832833333333333
20201223,16.45,16.6,16.09,16.23,83855.06,136849.38199999998,16.74399999999998,17.151000000000014,17.657000000000004,17.45300000000002,16.841166666666663
20201224,16.3,16.33,15.66,15.81,112306.91,177987.15899999999,16.44999999999998,16.935000000000013,17.609500000000004,17.435000000000016,16.836166666666664
20201225,15.92,16.03,15.6,15.62,85567.87,134735.97400000002,16.17399999999998,16.763000000000012,17.550500000000007,17.411666666666683,16.827666666666662
20201228,15.6,16.02,15.38,15.74,95769.39,150108.531,15.95199999999998,16.597000000000016,17.460000000000004,17.382000000000016,16.82366666666666
20201229,15.71,16.07,15.61,15.84,87902.95,139179.913,15.847999999999981,16.403000000000013,17.327000000000005,17.34700000000002,16.82616666666666
20201230,15.75,15.94,15.59,15.86,71775.7,113304.77699999999,15.773999999999981,16.259000000000015,17.200500000000005,17.316666666666684,16.832333333333324
20201231,15.84,16.14,15.81,15.97,60766.03,97026.92599999999,15.80599999999998,16.128000000000014,17.045500000000008,17.273333333333355,16.842833333333324
20210104,15.97,16.35,15.55,16.22,121560.71,194217.454,15.925999999999979,16.050000000000015,16.899000000000008,17.23066666666669,16.83949999999999
20210105,16.14,16.24,15.91,16.0,81663.33,131149.895,15.97799999999998,15.965000000000014,16.763000000000005,17.169000000000022,16.829833333333323
20210106,16.0,16.26,15.88,16.05,75208.77,120525.671,16.01999999999998,15.934000000000015,16.633000000000006,17.110000000000017,16.817833333333326
20210107,15.94,15.96,15.32,15.46,138598.87,215426.06699999998,15.939999999999978,15.857000000000017,16.504000000000005,17.05700000000002,16.793333333333326
20210108,15.45,15.9,15.37,15.87,83903.91,131462.809,15.919999999999979,15.863000000000017,16.399000000000008,17.02733333333335,16.77949999999999
20210111,15.9,16.0,15.56,15.75,73584.52,115921.031,15.82599999999998,15.876000000000015,16.31950000000001,16.99233333333335,16.761166666666657
20210112,15.74,16.07,15.62,15.98,81349.17,129440.94,15.82199999999998,15.900000000000015,16.24850000000001,16.940000000000015,16.749499999999994
20210113,16.03,16.05,15.75,15.85,62448.45,99103.13900000001,15.781999999999979,15.901000000000014,16.152000000000008,16.85166666666668,16.73616666666666
20210114,15.8,16.74,15.78,16.58,140439.48,230239.62300000002,16.00599999999998,15.973000000000013,16.116000000000007,16.79133333333335,16.73966666666666
20210115,16.4,16.62,16.16,16.32,87308.38,143102.981,16.095999999999975,16.008000000000013,16.068000000000005,16.699666666666683,16.745833333333326
