ts_code,trade_date,open,high,low,close,vol,amount
600328.SH,20190102,6.85,6.9,6.83,6.84,17948.35,12299.217
600328.SH,20190103,6.89,6.96,6.86,6.87,22834.23,15757.126
600328.SH,20190104,6.8,7.08,6.75,7.08,40735.7,28410.779
600328.SH,20190107,7.11,7.22,7.08,7.17,43455.8,31066.179
600328.SH,20190108,7.13,7.21,7.13,7.14,31210.14,22327.784
600328.SH,20190109,7.16,7.27,7.14,7.15,46322.29,33393.723
600328.SH,20190110,7.17,7.2,7.1,7.13,26638.76,19068.252
600328.SH,20190111,7.12,7.33,7.07,7.26,55890.01,40160.01
600328.SH,20190114,7.26,7.4,7.17,7.37,57350.14,41666.397
600328.SH,20190115,7.41,7.71,7.41,7.55,135469.98,102219.52
600328.SH,20190116,7.42,7.51,7.36,7.39,69512.52,51550.556
600328.SH,20190117,7.37,7.39,7.28,7.31,34225.4,25088.311
600328.SH,20190118,7.29,7.44,7.25,7.42,49356.42,36291.741
600328.SH,20190121,7.4,7.43,7.33,7.36,36734.84,27104.136
600328.SH,20190122,7.34,7.41,7.22,7.25,37449.22,27368.278
600328.SH,20190123,7.23,7.31,7.19,7.29,25474.29,18472.929
600328.SH,20190124,7.34,7.37,7.26,7.33,30563.84,22371.008
600328.SH,20190125,7.33,7.35,7.22,7.23,29932.0,21827.042
600328.SH,20190128,7.26,7.32,7.22,7.23,27736.93,20158.986
600328.SH,20190129,7.23,7.27,6.95,7.07,37785.31,26759.78
600328.SH,20190130,7.01,7.12,6.94,6.94,29909.0,20993.01
600328.SH,20190131,6.96,7.06,6.92,6.97,31507.2,22022.652
600328.SH,20190201,7.05,7.17,6.98,7.17,31602.84,22397.325
600328.SH,20190211,7.2,7.29,7.14,7.28,40237.71,29060.057
600328.SH,20190212,7.27,7.34,7.25,7.32,39259.78,28662.826
600328.SH,20190213,7.3,7.44,7.3,7.43,76177.43,56294.084
600328.SH,20190214,7.41,7.44,7.35,7.4,58359.29,43160.732
600328.SH,20190215,7.38,7.42,7.35,7.37,52694.64,38907.384
600328.SH,20190218,7.41,7.55,7.38,7.55,79749.08,59661.817
600328.SH,20190219,7.58,7.58,7.43,7.5,74526.75,55918.348
600328.SH,20190220,7.48,7.53,7.42,7.5,60159.38,45032.765
600328.SH,20190221,7.53,7.59,7.4,7.43,87581.42,65696.873
600328.SH,20190222,7.42,7.53,7.34,7.53,102055.6,75781.798
600328.SH,20190225,7.56,7.93,7.54,7.92,211875.0,164206.67
600328.SH,20190226,7.89,8.15,7.81,7.9,176660.01,140425.023
600328.SH,20190227,7.88,8.03,7.76,7.83,124691.11,98432.701
600328.SH,20190228,7.81,8.01,7.8,7.93,74445.95,58864.983
600328.SH,20190301,7.96,7.97,7.8,7.93,69349.18,54702.579
600328.SH,20190304,7.95,8.12,7.92,8.0,152948.15,122578.145
600328.SH,20190305,7.99,8.16,7.93,8.14,136105.91,109189.726
600328.SH,20190306,8.14,8.55,8.05,8.38,179301.09,148358.64
600328.SH,20190307,8.34,8.53,8.26,8.43,174681.72,146601.049
600328.SH,20190308,8.28,8.28,7.9,7.9,155481.7,126447.704
600328.SH,20190311,7.95,8.19,7.95,8.17,98968.9,80118.459
600328.SH,20190312,8.29,8.49,8.22,8.36,154591.3,129045.971
600328.SH,20190313,8.34,8.45,8.17,8.25,120606.78,100408.0
600328.SH,20190314,8.16,8.28,7.99,8.27,124281.97,101117.794
600328.SH,20190315,8.21,8.46,8.2,8.46,182118.07,151977.277
600328.SH,20190318,8.54,8.6,8.44,8.55,172372.4,146753.91
600328.SH,20190319,8.8,8.99,8.56,8.62,231750.48,202337.76
600328.SH,20190320,8.55,8.61,8.3,8.42,134742.41,114057.55
600328.SH,20190321,8.45,8.6,8.37,8.5,132877.73,112678.599
600328.SH,20190322,8.48,8.55,8.28,8.55,116324.29,98131.945
600328.SH,20190325,8.41,8.65,8.37,8.54,115450.1,98708.613
600328.SH,20190326,8.5,8.58,8.3,8.34,96116.8,81093.608
600328.SH,20190327,8.51,8.93,8.45,8.79,236428.42,205236.374
600328.SH,20190328,8.66,8.87,8.57,8.58,148602.23,129277.575
600328.SH,20190329,8.57,8.82,8.46,8.79,139855.02,121457.126
600328.SH,20190401,8.77,9.55,8.77,9.25,235228.27,215103.222
600328.SH,20190402,9.18,9.31,9.11,9.28,146800.57,135249.612
600328.SH,20190403,9.21,9.27,9.13,9.24,91839.36,84504.738
600328.SH,20190404,9.37,9.56,9.19,9.53,170287.59,160336.156
600328.SH,20190408,10.01,10.27,9.62,9.72,230426.43,228416.537
600328.SH,20190409,9.6,9.68,9.43,9.48,122909.3,117061.922
600328.SH,20190410,9.41,9.61,9.25,9.47,96679.32,90949.142
600328.SH,20190411,9.56,10.26,9.55,9.8,261143.64,258791.927
600328.SH,20190412,9.82,10.14,9.58,9.74,153946.99,151222.089
600328.SH,20190415,9.85,9.94,9.42,9.45,133280.0,128420.399
600328.SH,20190416,9.36,9.52,9.11,9.49,122974.32,114348.515
600328.SH,20190417,9.45,9.58,9.36,9.57,95263.18,90228.43
600328.SH,20190418,9.48,9.85,9.48,9.6,120173.87,116499.745
600328.SH,20190419,9.55,9.64,9.39,9.48,82571.25,78161.92
600328.SH,20190422,9.48,9.66,9.3,9.33,69006.44,65125.813
600328.SH,20190423,9.33,9.44,9.04,9.1,76093.39,70048.226
600328.SH,20190424,9.13,9.22,8.97,9.21,60420.67,55097.018
600328.SH,20190425,9.28,9.44,8.87,8.93,119557.0,109654.667
600328.SH,20190426,8.85,9.04,8.85,8.9,66121.76,59148.774
600328.SH,20190429,8.91,8.98,8.57,8.69,91854.44,80060.996
600328.SH,20190430,8.64,8.83,8.64,8.74,68371.24,59852.131
600328.SH,20190506,8.61,8.64,7.94,8.01,113156.01,93656.85
600328.SH,20190507,8.08,8.35,8.08,8.34,91271.4,75148.765
600328.SH,20190508,8.16,8.53,8.09,8.3,72215.67,60409.42
600328.SH,20190509,8.22,8.35,8.16,8.35,50939.95,42167.548
600328.SH,20190510,8.38,8.56,8.13,8.55,87687.0,73955.464
600328.SH,20190513,8.45,8.49,8.29,8.35,80432.0,67334.049
600328.SH,20190514,8.26,8.35,8.2,8.23,48151.58,39867.514
600328.SH,20190515,8.31,8.41,8.21,8.38,69709.58,58094.736
600328.SH,20190516,8.42,8.63,8.33,8.63,106528.8,90555.945
600328.SH,20190517,8.58,8.58,8.16,8.25,100464.32,84193.698
600328.SH,20190520,8.29,8.29,8.04,8.19,54353.53,44272.468
600328.SH,20190521,8.23,8.44,8.19,8.41,59298.94,49416.407
600328.SH,20190522,8.4,8.44,8.24,8.3,46832.0,39025.377
600328.SH,20190523,8.25,8.32,8.17,8.21,43536.0,35828.838
600328.SH,20190524,8.15,8.29,8.11,8.27,54135.02,44477.987
600328.SH,20190527,8.26,8.47,8.23,8.44,69644.07,58307.247
600328.SH,20190528,8.44,8.54,8.32,8.38,66215.3,55888.923
600328.SH,20190529,8.36,8.51,8.33,8.44,47368.3,40047.354
600328.SH,20190530,8.39,8.59,8.34,8.57,98670.25,83840.661
600328.SH,20190531,8.48,8.61,8.48,8.54,64814.0,55394.817
600328.SH,20190603,8.48,8.55,8.35,8.49,50598.93,42777.476
600328.SH,20190604,8.49,8.49,8.25,8.28,44770.85,37437.97
600328.SH,20190605,8.36,8.43,8.26,8.29,33465.85,27932.937
600328.SH,20190606,8.11,8.18,7.88,7.92,44198.73,35412.489
600328.SH,20190610,7.92,8.08,7.92,8.0,26746.08,21410.351
600328.SH,20190611,8.0,8.35,8.0,8.32,63698.85,52357.919
600328.SH,20190612,8.27,8.53,8.25,8.45,85323.69,72247.682
600328.SH,20190613,8.41,8.64,8.39,8.51,70109.25,59913.626
600328.SH,20190614,8.53,8.72,8.49,8.54,93847.19,80906.312
600328.SH,20190617,8.65,8.65,8.43,8.51,59078.77,50256.058
600328.SH,20190618,8.47,8.58,8.4,8.45,40905.5,34611.529
600328.SH,20190619,8.57,8.65,8.44,8.45,84318.0,71807.965
600328.SH,20190620,8.33,8.35,8.04,8.31,134186.22,110335.538
600328.SH,20190621,8.3,8.42,8.27,8.36,80456.8,67081.795
600328.SH,20190624,8.36,8.38,8.2,8.27,53021.0,43813.843
600328.SH,20190625,8.27,8.27,8.08,8.23,52101.17,42527.543
600328.SH,20190626,8.15,8.25,8.12,8.19,33347.55,27338.94
600328.SH,20190627,8.22,8.28,8.16,8.26,35836.58,29523.628
600328.SH,20190628,8.26,8.27,8.13,8.19,34411.4,28142.466
600328.SH,20190701,8.31,8.44,8.25,8.43,83098.11,69312.325
600328.SH,20190702,8.38,8.47,8.34,8.4,49629.01,41685.206
600328.SH,20190703,8.4,8.55,8.32,8.46,88098.23,74520.034
600328.SH,20190704,8.44,8.48,8.32,8.4,58939.57,49607.167
600328.SH,20190705,8.38,8.45,8.32,8.43,50466.27,42368.605
600328.SH,20190708,8.41,8.42,8.13,8.15,48376.53,39896.298
600328.SH,20190709,8.14,8.32,8.1,8.28,42148.0,34441.961
600328.SH,20190710,8.24,8.27,8.05,8.12,51712.58,42132.41
600328.SH,20190711,8.15,8.23,8.11,8.17,34600.96,28284.015
600328.SH,20190712,8.22,8.56,8.19,8.52,118290.05,99570.528
600328.SH,20190715,8.54,8.59,8.38,8.56,96867.32,82317.59
600328.SH,20190716,8.53,8.6,8.44,8.58,68866.89,58712.485
600328.SH,20190717,8.56,8.79,8.52,8.78,128537.3,111441.293
600328.SH,20190718,8.88,8.88,8.51,8.53,97164.23,83997.051
600328.SH,20190719,8.53,8.61,8.47,8.47,66320.03,56632.083
600328.SH,20190722,8.49,8.55,8.31,8.48,58710.38,49498.339
600328.SH,20190723,8.45,8.54,8.38,8.54,51602.01,43670.817
600328.SH,20190725,8.19,8.35,8.12,8.35,101595.52,83857.387
600328.SH,20190726,8.25,8.31,8.16,8.18,63425.58,52171.626
600328.SH,20190729,8.17,8.23,8.09,8.12,44928.7,36589.974
600328.SH,20190730,8.12,8.25,8.12,8.22,36458.49,29934.633
600328.SH,20190731,8.19,8.2,8.1,8.11,41138.7,33421.242
600328.SH,20190801,8.08,8.15,8.05,8.13,37208.27,30126.482
600328.SH,20190802,7.87,8.07,7.87,8.01,44460.0,35340.062
600328.SH,20190805,7.96,8.02,7.89,7.95,28812.02,22923.657
600328.SH,20190806,7.78,7.78,7.51,7.65,59360.5,45457.932
600328.SH,20190807,7.79,7.86,7.71,7.71,44124.0,34382.916
600328.SH,20190808,7.76,7.81,7.74,7.75,20743.0,16131.947
600328.SH,20190809,7.77,7.81,7.65,7.68,29038.0,22424.433
600328.SH,20190812,7.71,7.82,7.64,7.81,29987.0,23221.821
600328.SH,20190813,7.73,7.8,7.7,7.74,28013.51,21687.897
600328.SH,20190814,7.81,7.87,7.74,7.8,34147.0,26666.837
600328.SH,20190815,7.59,7.78,7.56,7.75,33300.49,25554.789
600328.SH,20190816,7.71,7.82,7.71,7.74,27839.0,21618.474
600328.SH,20190819,7.76,7.97,7.76,7.96,46742.86,36845.162
600328.SH,20190820,7.99,8.06,7.92,8.0,44244.0,35344.416
600328.SH,20190821,7.98,8.07,7.96,8.02,42404.01,33980.568
600328.SH,20190822,8.04,8.07,7.97,8.0,36968.6,29581.957
600328.SH,20190823,8.0,8.02,7.94,8.01,23097.0,18442.86
600328.SH,20190826,7.84,7.96,7.81,7.91,31145.02,24563.53
600328.SH,20190827,7.91,8.14,7.91,8.07,56158.99,45228.106
600328.SH,20190828,8.09,8.1,7.98,8.05,31904.13,25689.811
600328.SH,20190829,8.07,8.08,7.99,8.02,41481.03,33262.572
600328.SH,20190830,8.01,8.06,7.83,7.86,48521.0,38545.218
600328.SH,20190902,7.87,8.04,7.85,8.01,49247.18,39255.894
600328.SH,20190903,8.01,8.09,7.98,8.05,42985.11,34525.598
600328.SH,20190904,8.05,8.11,8.0,8.11,50976.26,41111.575
600328.SH,20190905,8.16,8.23,8.1,8.13,100547.22,82014.222
600328.SH,20190906,8.14,8.16,8.05,8.11,50518.01,40912.295
600328.SH,20190909,8.21,8.22,8.11,8.19,108871.18,88780.543
600328.SH,20190910,8.19,8.22,8.14,8.2,68361.21,55956.786
600328.SH,20190911,8.21,8.23,8.16,8.18,60129.0,49252.006
600328.SH,20190912,8.18,8.24,8.16,8.19,40286.53,32990.665
600328.SH,20190916,8.21,8.24,8.16,8.19,56352.01,46252.8
600328.SH,20190917,8.17,8.18,7.95,7.99,78941.32,63518.36
600328.SH,20190918,8.05,8.05,7.95,7.96,47899.82,38237.567
600328.SH,20190919,7.97,8.42,7.96,8.35,243084.56,200982.853
600328.SH,20190920,8.3,8.38,8.27,8.32,125882.32,104801.519
600328.SH,20190923,8.31,8.48,8.11,8.15,108958.79,89905.146
600328.SH,20190924,8.2,8.24,8.06,8.06,87716.51,71232.93
600328.SH,20190925,8.12,8.17,8.01,8.04,66711.51,54082.211
600328.SH,20190926,8.07,8.09,7.86,7.88,61744.3,49138.325
600328.SH,20190927,7.9,7.95,7.8,7.91,43885.0,34593.198
600328.SH,20190930,7.88,7.93,7.83,7.85,32005.22,25185.626
600328.SH,20191008,7.85,7.91,7.83,7.84,21246.7,16713.2
600328.SH,20191009,7.8,7.88,7.74,7.87,35932.0,28076.597
600328.SH,20191010,7.88,7.96,7.86,7.96,32709.01,25885.365
600328.SH,20191011,7.97,7.99,7.89,7.95,36187.43,28742.551
600328.SH,20191014,8.01,8.07,8.0,8.03,41357.31,33243.745
600328.SH,20191015,8.03,8.12,7.98,8.12,56844.28,45769.1
600328.SH,20191016,8.11,8.13,8.0,8.01,34619.28,27869.815
600328.SH,20191017,7.99,8.04,7.97,8.01,24904.3,19936.307
600328.SH,20191018,8.01,8.06,7.86,7.89,39322.0,31325.361
600328.SH,20191021,7.88,7.97,7.78,7.97,38484.0,30308.103
600328.SH,20191022,7.96,8.0,7.88,7.98,23201.02,18463.597
600328.SH,20191023,7.98,8.05,7.9,7.96,35638.0,28452.598
600328.SH,20191024,7.91,8.0,7.9,7.97,21791.01,17326.784
600328.SH,20191025,8.05,8.14,8.03,8.1,74052.05,59912.125
600328.SH,20191028,8.09,8.16,8.05,8.14,67856.76,55058.423
600328.SH,20191029,8.13,8.13,8.01,8.01,54528.08,43988.159
600328.SH,20191030,7.99,8.04,7.91,7.95,36589.0,29131.089
600328.SH,20191031,8.02,8.09,7.97,8.07,47854.81,38345.566
600328.SH,20191101,8.03,8.15,7.98,8.1,49999.29,40503.323
600328.SH,20191104,8.1,8.24,8.06,8.16,69664.15,56991.418
600328.SH,20191105,8.14,8.23,8.14,8.2,57279.0,46888.461
600328.SH,20191107,8.24,8.35,8.08,8.12,100764.0,82463.397
600328.SH,20191108,8.13,8.18,7.99,8.0,68206.01,55110.495
600328.SH,20191111,7.99,7.99,7.81,7.83,49482.01,38956.302
600328.SH,20191112,7.81,7.93,7.8,7.88,27589.82,21697.294
600328.SH,20191113,7.85,7.88,7.79,7.83,26174.0,20491.898
600328.SH,20191114,7.87,7.89,7.82,7.84,21729.0,17063.955
600328.SH,20191115,7.83,7.91,7.72,7.8,38824.07,30331.765
600328.SH,20191118,7.81,7.93,7.76,7.88,25056.0,19720.48
600328.SH,20191119,7.82,7.92,7.81,7.91,34505.16,27229.93
600328.SH,20191120,7.91,7.92,7.83,7.84,27264.02,21467.338
600328.SH,20191121,7.82,7.94,7.72,7.89,38423.0,30112.936
600328.SH,20191122,7.89,7.92,7.8,7.82,28828.02,22620.709
600328.SH,20191125,7.81,7.9,7.79,7.85,34271.0,26864.861
600328.SH,20191126,7.87,7.89,7.83,7.83,20750.0,16273.518
600328.SH,20191127,7.83,7.84,7.79,7.83,18560.15,14501.866
600328.SH,20191128,7.83,7.85,7.78,7.8,23879.0,18644.058
600328.SH,20191129,7.78,7.82,7.74,7.77,20692.32,16080.807
600328.SH,20191202,7.78,7.85,7.72,7.74,22369.0,17366.114
600328.SH,20191203,7.72,7.79,7.69,7.78,25978.0,20112.216
600328.SH,20191204,7.75,7.81,7.72,7.78,16082.61,12503.507
600328.SH,20191205,7.78,7.85,7.78,7.84,26694.0,20895.794
600328.SH,20191206,7.87,7.87,7.79,7.84,24123.0,18882.983
600328.SH,20191209,7.86,7.87,7.82,7.84,27838.89,21828.501
600328.SH,20191210,7.82,7.86,7.78,7.85,24856.0,19440.287
600328.SH,20191211,7.85,7.9,7.83,7.87,36763.01,28910.099
600328.SH,20191212,7.87,7.89,7.83,7.87,25668.01,20170.266
600328.SH,20191213,7.91,7.94,7.88,7.93,37571.0,29734.952
600328.SH,20191216,7.94,8.09,7.93,8.05,45174.68,36182.722
600328.SH,20191217,8.06,8.13,8.03,8.09,51214.22,41372.109
600328.SH,20191218,8.09,8.11,8.03,8.04,43016.0,34703.522
600328.SH,20191219,8.03,8.11,8.01,8.06,48933.91,39408.974
600328.SH,20191220,8.08,8.11,8.0,8.01,40532.03,32644.795
600328.SH,20191223,7.98,8.03,7.92,7.93,38601.46,30777.581
600328.SH,20191224,7.91,8.01,7.91,8.01,23844.91,18984.443
600328.SH,20191225,7.99,8.01,7.96,7.99,27198.05,21728.277
600328.SH,20191226,7.99,8.23,7.98,8.22,100543.95,81782.009
600328.SH,20191227,8.13,8.27,8.09,8.12,91432.83,74723.305
600328.SH,20191230,8.1,8.21,8.03,8.19,59461.02,48390.708
600328.SH,20191231,8.2,8.3,8.16,8.26,60406.51,49698.42
600328.SH,20200102,8.29,8.38,8.27,8.29,84413.0,70163.236
600328.SH,20200103,8.28,8.33,8.25,8.28,68435.41,56731.58
600328.SH,20200106,8.3,8.34,8.22,8.27,74911.82,62073.373
600328.SH,20200107,8.27,8.4,8.26,8.35,70508.38,58770.977
600328.SH,20200108,8.31,8.33,8.16,8.19,88941.66,73245.198
600328.SH,20200109,8.27,8.33,8.25,8.31,51754.75,42898.208
600328.SH,20200110,8.31,8.45,8.28,8.4,82677.04,69360.573
600328.SH,20200113,8.42,8.42,8.26,8.37,53117.0,44183.302
600328.SH,20200114,8.38,8.4,8.32,8.35,48405.11,40442.67
600328.SH,20200115,8.38,8.38,8.22,8.27,51365.93,42445.088
600328.SH,20200116,8.26,8.29,8.2,8.23,35460.0,29214.124
600328.SH,20200117,8.23,8.25,8.16,8.17,34999.0,28709.642
600328.SH,20200120,8.16,8.29,8.13,8.28,47851.19,39330.125
600328.SH,20200121,8.28,8.29,8.17,8.19,41059.32,33715.344
600328.SH,20200122,8.14,8.22,8.0,8.22,53210.13,43210.981
600328.SH,20200123,8.5,8.7,8.33,8.39,227686.21,193733.909
600328.SH,20200203,7.62,7.95,7.55,7.75,225297.03,173844.088
600328.SH,20200204,7.78,8.49,7.78,8.47,228395.83,187061.972
600328.SH,20200205,8.5,8.84,8.4,8.81,266284.07,230144.897
600328.SH,20200206,8.88,9.2,8.68,8.86,285858.88,256946.802
600328.SH,20200207,8.84,9.16,8.75,8.96,227755.66,203509.933
600328.SH,20200210,8.85,8.99,8.65,8.79,187599.02,164877.001
600328.SH,20200211,8.81,9.49,8.6,9.29,307533.07,278951.916
600328.SH,20200212,9.22,9.55,9.2,9.29,247271.25,231133.698
600328.SH,20200213,9.23,9.32,8.95,8.97,209103.0,190087.199
600328.SH,20200214,8.9,9.1,8.88,9.02,118597.94,106533.151
600328.SH,20200217,9.02,9.25,9.01,9.18,154577.83,141209.121
600328.SH,20200218,9.13,9.17,8.95,9.01,164856.87,148996.375
600328.SH,20200219,8.95,9.44,8.89,9.4,274227.88,253391.041
600328.SH,20200220,9.42,9.47,9.19,9.36,201525.12,187708.933
600328.SH,20200221,9.33,9.41,9.21,9.27,166401.19,154558.309
600328.SH,20200224,9.17,9.33,9.15,9.25,124643.78,115190.425
600328.SH,20200225,9.08,9.11,8.7,9.0,181810.52,163049.6
600328.SH,20200226,8.86,9.42,8.79,9.15,225568.07,207339.015
600328.SH,20200227,9.11,9.28,8.97,9.0,127072.23,115708.325
600328.SH,20200228,8.74,8.84,8.51,8.56,135635.78,117832.39
600328.SH,20200302,8.61,8.93,8.61,8.85,87392.62,76922.794
600328.SH,20200303,8.9,9.04,8.79,8.86,124911.08,111227.383
600328.SH,20200304,8.74,8.86,8.66,8.81,78948.91,69195.06
600328.SH,20200305,8.89,8.98,8.84,8.92,99672.65,88844.713
600328.SH,20200306,8.79,8.86,8.77,8.8,88187.35,77702.377
600328.SH,20200309,8.65,8.73,8.47,8.5,103166.57,88475.047
600328.SH,20200310,8.39,8.68,8.28,8.66,102093.31,86327.97
600328.SH,20200311,8.62,8.68,8.44,8.48,68638.87,58906.493
600328.SH,20200312,8.37,8.55,8.31,8.35,61553.01,51812.362
600328.SH,20200313,8.02,8.28,7.93,8.2,67306.59,54648.344
600328.SH,20200316,8.2,8.25,7.91,7.92,70177.08,56865.124
600328.SH,20200317,7.95,8.03,7.76,7.98,55626.69,43941.85
600328.SH,20200318,8.02,8.12,7.87,7.87,48492.0,38907.863
600328.SH,20200319,7.88,8.11,7.77,8.11,51517.72,40863.284
600328.SH,20200320,8.15,8.16,8.02,8.12,36032.13,29171.554
600328.SH,20200323,7.92,8.05,7.87,7.91,32805.89,26097.966
600328.SH,20200324,8.02,8.07,7.91,8.07,36171.06,28966.973
600328.SH,20200325,8.17,8.2,8.11,8.18,42429.99,34609.725
600328.SH,20200326,8.14,8.32,8.08,8.18,51002.6,41883.817
600328.SH,20200327,8.23,8.24,8.06,8.06,56537.0,46009.823
600328.SH,20200330,7.99,7.99,7.87,7.95,35624.0,28214.967
600328.SH,20200331,7.99,8.15,7.97,8.11,46340.44,37446.537
600328.SH,20200401,8.1,8.17,8.01,8.04,34387.0,27854.345
600328.SH,20200402,7.98,8.15,7.95,8.14,28491.0,22987.201
600328.SH,20200403,8.14,8.24,8.12,8.15,42674.46,34869.217
600328.SH,20200407,8.23,8.47,8.18,8.34,94254.79,78677.599
600328.SH,20200408,8.25,8.33,8.24,8.31,56273.0,46613.724
600328.SH,20200409,8.33,8.34,8.25,8.31,45672.97,37886.501
600328.SH,20200410,8.29,8.3,8.09,8.15,50643.54,41537.599
600328.SH,20200413,8.1,8.43,8.05,8.36,79285.15,65990.229
600328.SH,20200414,8.36,8.43,8.31,8.42,47183.58,39529.728
600328.SH,20200415,8.43,8.65,8.36,8.36,101404.26,86327.449
600328.SH,20200416,8.41,8.41,8.26,8.3,55888.0,46369.936
600328.SH,20200417,8.27,8.36,8.16,8.17,73933.93,61017.706
600328.SH,20200420,8.19,8.27,8.18,8.26,35716.82,29388.453
600328.SH,20200421,8.24,8.24,8.07,8.11,44867.6,36442.51
600328.SH,20200422,8.09,8.26,8.05,8.25,46132.56,37687.237
600328.SH,20200423,8.27,8.35,8.19,8.28,58709.85,48653.854
600328.SH,20200424,8.28,8.4,8.24,8.33,71044.31,59150.553
600328.SH,20200427,8.31,8.54,8.31,8.48,100703.66,85189.588
600328.SH,20200428,8.46,8.46,7.91,8.01,123370.93,100132.047
600328.SH,20200429,7.86,7.96,7.57,7.62,137063.0,105892.069
600328.SH,20200430,7.57,7.59,7.39,7.5,113965.07,85170.128
600328.SH,20200506,7.44,7.54,7.41,7.53,65222.52,48764.785
600328.SH,20200507,7.53,7.54,7.41,7.43,57613.0,42908.785
600328.SH,20200508,7.45,7.51,7.43,7.48,50301.51,37639.13
600328.SH,20200511,7.47,7.51,7.38,7.41,56777.97,42240.02
600328.SH,20200512,7.41,7.42,7.33,7.36,36328.1,26763.248
600328.SH,20200513,7.3,7.33,7.18,7.29,72151.37,52267.839
600328.SH,20200514,7.39,7.74,7.36,7.57,149675.16,113453.825
600328.SH,20200515,7.48,7.55,7.42,7.53,69037.48,51590.5
600328.SH,20200518,7.51,7.51,7.33,7.36,50398.1,37294.056
600328.SH,20200519,7.4,7.42,7.33,7.37,38883.76,28614.247
600328.SH,20200520,7.36,7.36,7.22,7.24,43259.15,31429.11
600328.SH,20200521,7.28,7.28,7.13,7.14,40782.0,29317.594
600328.SH,20200522,7.13,7.18,7.07,7.17,34269.47,24477.893
600328.SH,20200525,7.15,7.36,7.14,7.28,39180.64,28375.066
600328.SH,20200526,7.25,7.3,7.23,7.3,30088.63,21884.933
600328.SH,20200527,7.27,7.29,7.16,7.2,35110.37,25334.774
600328.SH,20200528,7.2,7.24,7.15,7.19,28945.57,20819.779
600328.SH,20200529,7.16,7.24,7.16,7.22,27405.85,19747.639
600328.SH,20200601,7.24,7.36,7.22,7.32,51083.78,37336.248
600328.SH,20200602,7.4,7.47,7.38,7.41,71627.02,53212.162
600328.SH,20200603,7.47,7.49,7.39,7.41,54245.2,40356.231
600328.SH,20200604,7.4,7.49,7.35,7.48,53540.19,39669.013
600328.SH,20200605,7.45,7.45,7.32,7.34,40591.46,29907.524
600328.SH,20200608,7.35,7.38,7.26,7.27,39673.09,29038.675
600328.SH,20200609,7.27,7.3,7.23,7.26,29256.34,21241.321
600328.SH,20200610,7.28,7.31,7.2,7.22,33024.58,23893.005
600328.SH,20200611,7.24,7.25,7.18,7.21,23748.08,17136.483
600328.SH,20200612,7.08,7.2,7.08,7.18,25011.84,17862.984
600328.SH,20200615,7.18,7.23,7.15,7.18,20744.88,14915.476
600328.SH,20200616,7.21,7.26,7.2,7.25,21917.21,15862.226
600328.SH,20200617,7.25,7.27,7.15,7.27,34684.0,25011.643
600328.SH,20200618,7.24,7.31,7.22,7.29,32932.0,23961.601
600328.SH,20200619,7.29,7.32,7.25,7.29,35910.68,26157.953
600328.SH,20200622,7.21,7.21,7.13,7.14,29689.0,21245.367
600328.SH,20200623,7.12,7.15,7.04,7.06,43905.92,31096.397
600328.SH,20200624,7.08,7.15,7.03,7.1,31242.08,22148.09
600328.SH,20200629,7.1,7.11,7.03,7.05,26735.99,18855.825
600328.SH,20200630,7.04,7.13,7.04,7.11,26287.0,18655.87
600328.SH,20200701,7.13,7.15,7.09,7.12,34280.93,24387.467
600328.SH,20200702,7.1,7.25,7.1,7.24,72494.72,52220.049
600328.SH,20200703,7.28,7.38,7.25,7.33,84613.69,61877.278
600328.SH,20200706,7.41,7.64,7.39,7.63,131136.89,98888.807
600328.SH,20200707,7.7,7.97,7.56,7.81,175216.05,136656.981
600328.SH,20200708,7.77,7.86,7.68,7.83,147389.67,114662.104
600328.SH,20200709,7.8,8.0,7.79,7.96,131308.95,103678.005
600328.SH,20200710,7.91,7.98,7.71,7.72,123076.15,96149.033
600328.SH,20200713,7.85,8.02,7.8,8.0,153768.36,121665.72
600328.SH,20200714,7.95,8.34,7.86,8.12,211672.84,171214.683
600328.SH,20200715,8.16,8.87,8.15,8.37,300273.45,254893.657
600328.SH,20200716,8.13,8.14,7.72,7.72,201888.01,160342.169
600328.SH,20200717,7.75,7.9,7.7,7.85,76521.67,59715.516
600328.SH,20200720,7.88,8.23,7.88,8.19,108030.52,87492.085
600328.SH,20200721,8.15,8.34,8.08,8.11,80573.19,65906.332
600328.SH,20200722,8.11,8.28,8.04,8.11,91724.0,74777.516
600328.SH,20200723,8.03,8.14,7.83,8.12,95603.98,76303.279
600328.SH,20200724,8.07,8.37,8.06,8.17,197143.72,161945.413
600328.SH,20200727,8.28,8.6,8.2,8.52,207597.12,175233.579
600328.SH,20200728,8.56,8.57,8.26,8.43,134070.54,112609.493
600328.SH,20200729,8.35,8.42,8.11,8.4,112136.98,93187.213
600328.SH,20200730,8.39,8.58,8.32,8.38,112605.31,95165.364
600328.SH,20200731,8.32,8.4,8.18,8.25,109579.28,90582.396
600328.SH,20200803,8.27,8.63,8.26,8.54,160273.89,135178.212
600328.SH,20200804,8.62,8.8,8.37,8.39,175898.44,151334.316
600328.SH,20200805,8.39,8.56,8.36,8.47,125799.86,106698.08
600328.SH,20200806,8.49,8.51,8.22,8.28,107736.29,89647.765
600328.SH,20200807,8.28,8.28,8.0,8.09,109076.64,88498.443
600328.SH,20200810,8.01,8.79,7.96,8.67,219654.57,186867.101
600328.SH,20200811,8.6,8.78,8.39,8.4,148177.02,127614.353
600328.SH,20200812,8.4,8.53,8.11,8.25,108951.0,89767.858
600328.SH,20200813,8.25,8.69,8.24,8.56,170619.1,145586.135
600328.SH,20200814,8.44,8.44,8.03,8.16,249962.8,203929.952
600328.SH,20200817,8.12,8.24,8.08,8.2,106532.6,86921.409
600328.SH,20200818,8.2,8.22,8.11,8.18,75702.35,61718.427
600328.SH,20200819,8.16,8.28,8.13,8.17,89464.42,73331.143
600328.SH,20200820,8.18,8.18,7.98,7.98,76350.0,61529.87
600328.SH,20200821,8.06,8.16,7.98,8.09,61228.35,49411.122
600328.SH,20200824,8.08,8.09,8.0,8.03,53493.9,42942.914
600328.SH,20200825,8.08,8.11,8.0,8.02,49155.9,39529.889
600328.SH,20200826,8.02,8.04,7.78,7.8,72323.0,57049.766
600328.SH,20200827,7.82,7.93,7.78,7.91,31395.83,24724.888
600328.SH,20200828,7.91,7.93,7.82,7.92,39256.82,30920.474
600328.SH,20200831,8.05,8.29,7.98,8.22,143838.61,117649.125
600328.SH,20200901,8.13,8.17,8.05,8.13,78287.1,63419.183
600328.SH,20200902,8.16,8.17,7.99,8.03,65952.59,53191.199
600328.SH,20200903,8.03,8.13,7.97,8.01,43975.64,35385.454
600328.SH,20200904,7.93,7.93,7.81,7.87,53793.01,42254.964
600328.SH,20200907,7.86,7.94,7.72,7.74,54848.16,43032.606
600328.SH,20200908,7.75,7.81,7.68,7.78,39264.0,30438.933
600328.SH,20200909,7.72,7.84,7.68,7.73,50618.7,39362.109
600328.SH,20200910,7.75,7.8,7.47,7.47,52426.01,39946.134
600328.SH,20200911,7.45,7.54,7.43,7.51,22863.72,17110.346
600328.SH,20200914,7.5,7.58,7.4,7.5,35251.05,26388.068
600328.SH,20200915,7.5,7.65,7.45,7.61,31641.86,23885.955
600328.SH,20200916,7.58,7.65,7.53,7.56,19843.0,15060.932
600328.SH,20200917,7.57,7.61,7.5,7.53,22401.0,16894.758
600328.SH,20200918,7.52,7.65,7.48,7.63,30656.01,23220.369
600328.SH,20200921,7.5,7.52,7.45,7.49,19473.03,14580.452
600328.SH,20200922,7.43,7.5,7.37,7.4,23211.04,17261.89
600328.SH,20200923,7.39,7.44,7.26,7.32,27661.0,20276.93
600328.SH,20200924,7.3,7.37,7.19,7.24,41042.5,29758.525
600328.SH,20200925,7.28,7.31,7.15,7.21,20857.01,15067.29
600328.SH,20200928,7.21,7.27,7.17,7.2,12797.0,9231.024
600328.SH,20200929,7.24,7.27,7.21,7.21,11343.01,8204.826
600328.SH,20200930,7.22,7.34,7.16,7.26,17708.01,12865.103
600328.SH,20201009,7.3,7.41,7.3,7.39,22938.8,16921.253
600328.SH,20201012,7.36,7.5,7.36,7.47,33690.71,25067.262
600328.SH,20201013,7.44,7.49,7.4,7.43,22984.51,17084.148
600328.SH,20201014,7.43,7.47,7.35,7.35,26891.22,19902.439
600328.SH,20201015,7.39,7.39,7.27,7.29,22396.18,16385.896
600328.SH,20201016,7.29,7.33,7.2,7.26,19418.61,14076.714
600328.SH,20201019,7.31,7.34,7.23,7.27,17872.0,13034.89
600328.SH,20201020,7.27,7.34,7.21,7.29,14768.49,10724.012
600328.SH,20201021,7.29,7.32,7.19,7.23,16738.0,12101.414
600328.SH,20201022,7.27,7.31,7.22,7.25,18669.0,13553.109
600328.SH,20201023,7.27,7.28,7.15,7.18,17093.95,12318.346
600328.SH,20201026,7.15,7.15,6.59,6.63,187794.08,127227.083
600328.SH,20201027,6.62,6.64,6.46,6.47,95100.81,62236.65
600328.SH,20201028,6.51,6.62,6.47,6.54,82061.38,53630.341
600328.SH,20201029,6.47,6.53,6.43,6.48,61387.81,39842.747
600328.SH,20201030,6.48,6.51,6.23,6.27,93180.0,59337.002
600328.SH,20201102,6.23,6.26,6.12,6.13,73051.41,45106.586
600328.SH,20201103,6.17,6.39,6.16,6.37,57091.89,35972.984
600328.SH,20201104,6.41,6.41,6.26,6.31,32429.38,20497.514
600328.SH,20201105,6.35,6.51,6.32,6.5,70801.08,45396.947
600328.SH,20201106,6.48,6.58,6.45,6.54,57068.39,37077.797
600328.SH,20201109,6.58,6.68,6.55,6.68,77685.23,51433.175
600328.SH,20201110,6.69,6.84,6.65,6.78,131882.78,89115.181
600328.SH,20201111,6.78,7.46,6.75,7.46,272447.16,192460.071
600328.SH,20201112,8.21,8.21,7.25,7.28,721762.57,571917.228
600328.SH,20201113,6.56,6.89,6.56,6.69,332593.8,222494.412
600328.SH,20201116,6.66,6.85,6.6,6.81,179761.84,121239.394
600328.SH,20201117,6.81,7.26,6.73,7.04,265295.83,185887.66
600328.SH,20201118,7.02,7.09,6.9,6.96,150426.64,104871.844
600328.SH,20201119,6.95,7.04,6.84,6.87,107847.78,74371.539
600328.SH,20201120,6.84,7.03,6.73,6.97,122537.27,84357.09
600328.SH,20201123,6.93,7.34,6.92,7.22,208480.36,149676.74
600328.SH,20201124,7.23,7.23,7.08,7.16,118774.83,84694.619
600328.SH,20201125,7.17,7.21,7.0,7.01,102337.66,72566.221
600328.SH,20201126,7.03,7.05,6.87,6.99,67938.22,47251.123
600328.SH,20201127,6.97,7.01,6.87,6.96,58484.28,40584.75
600328.SH,20201130,6.95,7.04,6.91,6.92,74896.77,52254.71
600328.SH,20201201,6.92,6.96,6.82,6.93,60316.67,41535.781
600328.SH,20201202,6.91,6.96,6.84,6.84,66642.01,45868.078
600328.SH,20201203,6.82,6.85,6.71,6.71,90197.0,60939.689
600328.SH,20201204,6.72,6.87,6.66,6.85,98666.27,66661.603
600328.SH,20201207,6.8,6.83,6.73,6.74,63608.51,43087.794
600328.SH,20201208,6.7,6.79,6.7,6.74,37459.86,25264.697
600328.SH,20201209,6.73,6.81,6.63,6.66,56400.56,37932.473
600328.SH,20201210,6.66,6.83,6.62,6.7,66229.52,44493.624
600328.SH,20201211,6.66,6.72,6.48,6.52,70942.67,46736.312
600328.SH,20201214,6.54,6.7,6.49,6.65,51731.64,34069.243
600328.SH,20201215,6.6,6.66,6.56,6.62,32874.41,21733.287
600328.SH,20201216,6.6,6.67,6.54,6.58,45547.2,29985.254
600328.SH,20201217,6.58,6.65,6.44,6.64,53537.68,35105.021
600328.SH,20201218,6.64,6.74,6.63,6.67,48951.0,32725.261
600328.SH,20201221,6.7,6.86,6.69,6.83,74164.0,50327.92
600328.SH,20201222,6.82,6.87,6.6,6.61,80731.67,54403.256
600328.SH,20201223,6.61,6.79,6.56,6.71,51892.01,34769.467
600328.SH,20201224,6.71,6.71,6.46,6.52,69670.11,45647.005
600328.SH,20201225,6.52,6.79,6.46,6.75,89767.22,59967.219
600328.SH,20201228,6.76,6.79,6.64,6.65,53890.01,36128.499
600328.SH,20201229,6.68,6.78,6.62,6.66,54452.61,36467.981
600328.SH,20201230,6.66,6.74,6.61,6.67,41829.61,27966.95
600328.SH,20201231,6.68,6.73,6.64,6.67,51125.63,34173.66
600328.SH,20210104,6.68,6.74,6.6,6.71,73677.72,49141.062
600328.SH,20210105,6.67,6.7,6.62,6.66,52839.0,35175.929
600328.SH,20210106,6.67,6.69,6.51,6.58,63384.46,41646.97
600328.SH,20210107,6.58,6.61,6.42,6.49,58475.52,38145.234
600328.SH,20210108,6.44,6.57,6.28,6.49,49470.95,31724.939
600328.SH,20210111,6.48,6.48,6.25,6.26,67748.01,42933.618
600328.SH,20210112,6.26,6.35,6.23,6.29,26805.0,16878.724
600328.SH,20210113,6.32,6.33,6.15,6.2,60221.29,37410.331
600328.SH,20210114,6.19,6.47,6.19,6.42,63704.32,40636.505
600328.SH,20210115,6.42,6.47,6.36,6.42,40525.71,25972.026
600328.SH,20210118,6.39,6.63,6.37,6.55,52161.79,34142.741
600328.SH,20210119,6.56,6.62,6.5,6.53,37605.2,24662.463
600328.SH,20210120,6.53,6.59,6.44,6.51,36061.31,23420.957
