ts_code,trade_date,open,high,low,close,vol,amount
600734.SH,20190102,6.28,6.91,6.24,6.91,294969.93,195367.771
600734.SH,20190103,7.3,7.6,6.95,7.6,838653.56,618057.395
600734.SH,20190104,7.35,8.19,7.28,7.69,882721.2,685971.15
600734.SH,20190107,7.58,8.29,7.58,7.89,692811.4,547223.199
600734.SH,20190108,7.75,7.87,7.39,7.46,493992.4,375332.503
600734.SH,20190109,7.55,8.21,7.5,8.21,423462.48,334021.141
600734.SH,20190110,8.54,9.03,8.46,9.03,600100.28,531401.41
600734.SH,20190111,9.61,9.93,8.84,8.9,963693.09,916251.165
600734.SH,20190114,8.66,8.99,8.44,8.92,622827.28,541860.528
600734.SH,20190115,8.74,8.79,8.31,8.4,453725.9,383741.38
600734.SH,20190116,8.39,8.59,8.24,8.26,351403.17,295053.629
600734.SH,20190117,8.24,8.24,7.87,7.89,375158.52,299148.954
600734.SH,20190118,7.99,8.2,7.63,7.88,385878.97,306462.538
600734.SH,20190121,7.91,8.16,7.72,8.0,278047.42,221437.005
600734.SH,20190122,7.92,8.09,7.76,7.88,219314.1,173392.085
600734.SH,20190123,7.77,7.87,7.61,7.68,188502.31,145013.105
600734.SH,20190124,7.74,7.81,7.61,7.66,174646.73,134462.834
600734.SH,20190125,7.62,7.65,7.18,7.26,238861.79,177219.459
600734.SH,20190128,7.34,7.37,7.23,7.28,126056.89,92089.93
600734.SH,20190129,7.3,7.3,6.82,7.01,195363.1,136820.148
600734.SH,20190130,6.91,7.05,6.59,6.6,231147.04,157659.459
600734.SH,20190131,6.26,6.55,6.18,6.25,273582.31,173618.017
600734.SH,20190201,6.38,6.62,6.38,6.5,190556.76,123976.823
600734.SH,20190211,6.67,7.15,6.65,7.15,270514.38,186953.668
600734.SH,20190212,7.3,7.6,7.17,7.25,455428.2,335179.253
600734.SH,20190213,7.23,7.44,7.17,7.41,332670.32,244071.078
600734.SH,20190214,7.42,7.44,7.22,7.35,262224.24,191844.441
600734.SH,20190215,7.28,7.55,7.23,7.38,285778.82,211667.089
600734.SH,20190218,7.41,7.74,7.36,7.7,301721.76,228774.725
600734.SH,20190219,7.7,8.0,7.61,7.94,380454.46,297650.468
600734.SH,20190220,7.84,7.85,7.61,7.77,264400.45,204550.272
600734.SH,20190221,7.7,8.36,7.66,7.89,449794.88,360808.229
600734.SH,20190222,7.81,8.15,7.73,8.06,356465.44,284605.227
600734.SH,20190225,8.24,8.49,8.11,8.43,437675.51,363476.037
600734.SH,20190226,8.3,8.3,8.03,8.06,417864.74,341043.536
600734.SH,20190227,8.0,8.14,7.7,7.85,281019.08,223311.661
600734.SH,20190228,7.83,8.64,7.83,8.64,553233.63,464376.563
600734.SH,20190301,8.84,9.28,8.37,8.53,681410.25,601084.7
600734.SH,20190304,8.64,8.97,8.46,8.68,502448.12,440360.673
600734.SH,20190305,8.61,9.17,8.51,9.01,466606.03,413646.23
600734.SH,20190306,9.05,9.74,8.8,9.38,548063.45,506020.482
600734.SH,20190307,9.25,9.38,9.0,9.27,435928.16,399465.953
600734.SH,20190308,9.0,9.69,8.66,9.27,524806.8,484797.634
600734.SH,20190311,9.42,9.54,8.9,9.48,406936.82,378573.349
600734.SH,20190312,9.48,9.75,9.3,9.53,466191.14,445061.544
600734.SH,20190313,9.42,9.46,8.78,8.9,371254.97,340698.449
600734.SH,20190314,8.92,8.92,8.12,8.24,297851.48,251251.711
600734.SH,20190315,8.32,8.5,8.22,8.32,194053.31,162375.36
600734.SH,20190318,8.28,8.52,8.28,8.5,165383.44,139280.516
600734.SH,20190319,8.47,8.68,8.41,8.53,177495.64,151994.033
600734.SH,20190320,8.48,8.5,8.05,8.44,194527.9,161615.968
600734.SH,20190321,8.44,9.28,8.35,9.28,268477.56,239365.702
600734.SH,20190322,9.65,10.21,9.46,10.21,662109.7,650699.116
600734.SH,20190325,10.99,11.23,9.97,9.98,990491.61,1075237.918
600734.SH,20190326,9.18,9.53,8.98,9.07,637647.38,590264.467
600734.SH,20190327,8.99,9.14,8.36,8.7,402718.54,353419.202
600734.SH,20190328,8.71,9.47,8.7,8.99,460062.43,415137.548
600734.SH,20190329,8.6,8.97,8.35,8.87,382491.66,332679.889
600734.SH,20190401,9.0,9.34,8.84,9.24,397591.31,363542.593
600734.SH,20190402,9.39,9.48,9.15,9.35,398485.8,370486.256
600734.SH,20190403,9.16,9.26,9.05,9.22,309034.23,282708.36
600734.SH,20190404,9.08,9.18,8.88,9.04,339730.3,305307.21
600734.SH,20190408,8.91,8.93,8.51,8.7,307081.44,267678.915
600734.SH,20190409,8.63,8.88,8.53,8.8,186581.67,163560.889
600734.SH,20190410,8.8,8.81,8.6,8.75,136821.95,119197.94
600734.SH,20190411,8.74,8.75,8.51,8.52,131909.46,113743.818
600734.SH,20190412,8.48,8.63,8.4,8.58,97995.22,83610.483
600734.SH,20190415,8.8,8.89,8.56,8.58,157798.99,138332.702
600734.SH,20190416,8.5,9.34,8.42,9.12,354554.78,317640.773
600734.SH,20190417,9.1,9.44,9.04,9.31,370251.0,342149.27
600734.SH,20190418,9.31,9.81,9.06,9.62,469551.98,441597.041
600734.SH,20190419,9.46,9.52,9.18,9.38,305613.48,286038.385
600734.SH,20190422,9.21,9.53,9.06,9.11,229955.96,212523.16
600734.SH,20190423,9.05,9.1,8.63,8.72,190433.65,168264.245
600734.SH,20190424,8.44,8.44,7.86,8.19,262432.63,213340.871
600734.SH,20190425,8.06,8.44,7.96,8.07,168547.99,138211.534
600734.SH,20190426,8.0,8.3,7.95,8.09,122934.72,100345.087
600734.SH,20190429,8.09,8.17,7.28,7.33,184831.77,140242.355
600734.SH,20190430,7.08,7.44,7.04,7.23,122830.5,88915.291
600734.SH,20190506,7.1,7.1,6.51,6.52,152830.38,103270.783
600734.SH,20190507,6.49,7.05,6.49,6.82,133481.38,90801.018
600734.SH,20190508,6.7,7.5,6.62,7.5,281896.65,206539.583
600734.SH,20190509,7.44,7.63,7.1,7.16,182020.98,133098.078
600734.SH,20190510,7.19,7.68,6.96,7.53,197378.42,146818.545
600734.SH,20190513,7.35,7.76,7.29,7.52,159096.51,119591.313
600734.SH,20190514,7.2,7.75,6.99,7.33,155571.33,113921.726
600734.SH,20190515,7.39,7.48,7.29,7.4,95247.74,70340.568
600734.SH,20190516,7.42,8.14,7.42,8.14,245382.91,196599.009
600734.SH,20190517,8.95,8.95,8.95,8.95,77716.06,69555.874
600734.SH,20190520,9.85,9.85,9.85,9.85,46967.42,46262.909
600734.SH,20190521,10.84,10.84,10.84,10.84,61836.41,67030.668
600734.SH,20190522,11.92,11.92,11.92,11.92,38519.76,45915.554
600734.SH,20190523,13.11,13.11,13.11,13.11,379952.68,498117.963
600734.SH,20190524,12.99,13.03,11.8,11.8,1145055.44,1428158.281
600734.SH,20190527,10.72,12.17,10.62,11.3,1270761.58,1414235.918
600734.SH,20190528,11.4,12.36,11.21,11.6,1281667.57,1490814.547
600734.SH,20190529,11.01,12.76,10.88,12.76,1169195.77,1367567.078
600734.SH,20190530,12.2,12.36,11.48,11.48,726269.54,852614.688
600734.SH,20190531,10.9,11.27,10.36,10.4,861375.71,933616.84
600734.SH,20190603,10.45,10.92,10.02,10.53,668161.72,699318.522
600734.SH,20190604,10.09,10.18,9.48,9.49,616028.02,602599.686
600734.SH,20190605,9.58,9.67,8.92,9.08,562446.13,524395.973
600734.SH,20190606,9.09,9.12,8.36,8.57,473730.97,413024.684
600734.SH,20190610,8.64,8.99,8.52,8.75,399141.64,349528.974
600734.SH,20190611,8.71,9.53,8.4,9.25,648332.53,586011.401
600734.SH,20190612,9.22,9.74,9.09,9.47,663036.59,620510.467
600734.SH,20190613,9.3,9.58,9.16,9.22,424435.14,396170.834
600734.SH,20190614,9.2,9.3,8.55,8.66,385098.0,341336.965
600734.SH,20190617,8.77,8.94,8.6,8.87,249704.53,219032.992
600734.SH,20190618,8.95,8.95,8.67,8.7,181309.04,158869.478
600734.SH,20190619,8.91,9.23,8.81,8.95,404733.84,365657.402
600734.SH,20190620,9.07,9.44,8.91,9.27,490161.66,452719.993
600734.SH,20190621,9.2,9.52,9.13,9.21,474077.24,440086.862
600734.SH,20190624,9.27,10.13,9.03,10.13,655254.7,626506.509
600734.SH,20190625,9.87,11.14,9.76,10.45,1091309.48,1138479.719
600734.SH,20190626,9.85,10.44,9.66,9.77,687098.75,689704.472
600734.SH,20190627,9.86,10.07,9.74,9.78,375369.7,370687.881
600734.SH,20190628,9.62,9.97,9.2,9.46,393787.25,375918.126
600734.SH,20190701,9.89,9.89,9.58,9.69,376095.73,365842.579
600734.SH,20190702,9.61,9.85,9.46,9.56,274392.34,263763.854
600734.SH,20190703,9.48,9.5,9.16,9.18,242881.97,225168.748
600734.SH,20190704,9.31,9.4,8.92,9.03,217398.34,198720.203
600734.SH,20190705,9.09,9.13,9.01,9.04,137112.0,124392.271
600734.SH,20190708,9.05,9.08,8.29,8.39,261389.34,223356.118
600734.SH,20190709,8.4,8.8,8.3,8.57,192093.53,163986.695
600734.SH,20190710,8.73,9.43,8.7,9.43,241741.54,223103.555
600734.SH,20190711,9.69,9.95,9.27,9.46,674490.53,646213.302
600734.SH,20190712,9.32,9.41,8.9,8.99,348369.23,317439.485
600734.SH,20190715,8.8,9.26,8.51,9.09,308822.07,275598.412
600734.SH,20190716,9.0,9.47,8.93,9.34,326487.9,303016.983
600734.SH,20190717,9.28,9.69,9.13,9.43,366174.76,343826.709
600734.SH,20190718,9.3,9.34,8.91,8.95,267026.59,242236.115
600734.SH,20190719,8.93,9.18,8.91,8.94,169701.79,153310.483
600734.SH,20190722,8.95,8.99,8.35,8.44,220035.16,188859.836
600734.SH,20190723,8.44,8.81,8.4,8.81,204520.72,177598.11
600734.SH,20190724,8.98,9.25,8.9,9.02,263756.11,238993.89
600734.SH,20190725,9.14,9.19,8.86,8.9,208859.71,187709.341
600734.SH,20190726,8.88,9.05,8.72,8.75,176959.0,156374.724
600734.SH,20190729,8.81,9.1,8.73,8.97,226602.7,202106.129
600734.SH,20190730,9.02,9.07,8.85,8.88,153104.11,137057.217
600734.SH,20190731,8.6,8.71,8.48,8.62,189306.15,162975.107
600734.SH,20190801,8.52,8.77,8.5,8.63,121679.51,105310.465
600734.SH,20190802,8.39,9.0,8.3,8.94,255750.99,223122.22
600734.SH,20190805,8.78,9.08,8.71,8.83,217552.14,193478.098
600734.SH,20190806,8.55,9.05,8.3,8.99,272978.87,236701.144
600734.SH,20190807,9.1,9.13,8.61,8.67,235525.54,210414.094
600734.SH,20190808,8.7,9.31,8.58,9.26,451857.4,411442.434
600734.SH,20190809,9.29,9.29,8.81,9.04,354701.86,321489.365
600734.SH,20190812,9.06,9.16,8.85,9.14,252348.34,228078.578
600734.SH,20190813,9.01,9.3,8.9,9.1,232073.84,211715.222
600734.SH,20190814,9.3,9.36,8.96,8.98,252449.85,230458.03
600734.SH,20190815,8.58,8.98,8.5,8.86,200610.36,175639.082
600734.SH,20190816,8.96,9.05,8.83,8.83,161025.01,143833.037
600734.SH,20190819,8.9,9.15,8.87,9.09,244927.11,221233.354
600734.SH,20190820,9.19,9.24,8.9,8.97,238238.01,215353.825
600734.SH,20190821,8.98,9.17,8.82,9.05,241042.33,216324.893
600734.SH,20190822,9.07,9.09,8.9,8.93,142925.56,128107.001
600734.SH,20190823,8.85,8.92,8.7,8.71,177496.4,155791.293
600734.SH,20190826,8.5,8.71,8.44,8.64,91282.01,78715.292
600734.SH,20190827,8.76,9.07,8.68,8.95,273573.36,244411.51
600734.SH,20190828,8.84,8.94,8.74,8.8,180672.85,159220.664
600734.SH,20190829,8.8,9.29,8.71,9.02,332405.56,300137.859
600734.SH,20190830,9.02,9.92,8.91,9.39,670846.75,639872.934
600734.SH,20190902,8.9,9.56,8.63,9.35,526550.3,474383.039
600734.SH,20190903,9.15,10.2,9.15,9.68,654632.15,635755.639
600734.SH,20190904,9.68,9.75,9.35,9.64,431758.77,412236.511
600734.SH,20190905,9.66,9.87,9.49,9.57,427289.25,412605.176
600734.SH,20190906,9.6,9.77,9.36,9.49,288759.42,276537.361
600734.SH,20190909,9.61,9.98,9.5,9.91,429092.43,418852.825
600734.SH,20190910,9.86,9.86,9.53,9.64,306621.71,296047.489
600734.SH,20190911,9.69,9.74,9.5,9.5,197694.27,189595.676
600734.SH,20190912,9.55,9.74,9.46,9.64,198142.18,190076.621
600734.SH,20190916,9.74,9.82,9.55,9.68,202439.12,196419.879
600734.SH,20190917,9.63,9.67,9.24,9.3,216966.53,203571.874
600734.SH,20190918,9.44,9.47,9.29,9.32,125874.53,117918.341
600734.SH,20190919,9.35,9.5,9.28,9.48,135836.3,127930.036
600734.SH,20190920,9.52,9.58,9.25,9.27,164768.66,154472.375
600734.SH,20190923,9.15,9.15,8.86,8.99,168972.58,151703.083
600734.SH,20190924,9.0,9.08,8.96,9.01,101234.0,91381.041
600734.SH,20190925,8.88,8.89,8.66,8.68,125461.0,109759.882
600734.SH,20190926,8.69,8.78,8.43,8.44,117834.16,100517.728
600734.SH,20190927,8.52,8.63,8.45,8.52,81336.0,69505.574
600734.SH,20190930,8.57,8.59,8.36,8.36,69907.0,59120.127
600734.SH,20191008,8.4,8.63,8.38,8.46,76158.91,64787.492
600734.SH,20191009,8.39,8.55,8.35,8.53,72382.01,61156.514
600734.SH,20191010,8.53,8.89,8.53,8.72,137794.0,119472.837
600734.SH,20191011,8.67,8.8,8.53,8.57,97682.01,84228.143
600734.SH,20191014,8.6,8.75,8.58,8.65,115451.0,100005.647
600734.SH,20191015,8.65,8.69,8.39,8.43,103813.06,88166.983
600734.SH,20191016,8.45,8.71,8.3,8.47,118685.49,100384.681
600734.SH,20191017,8.46,8.56,8.33,8.39,74334.44,62492.039
600734.SH,20191018,8.33,8.5,8.11,8.14,105682.07,87811.071
600734.SH,20191021,8.15,8.18,7.33,7.71,141300.9,108013.264
600734.SH,20191022,7.71,7.9,7.7,7.82,92295.19,71916.721
600734.SH,20191023,7.86,7.99,7.73,7.76,101348.43,79406.049
600734.SH,20191024,7.76,7.76,7.52,7.55,89715.55,68094.471
600734.SH,20191025,7.55,7.66,7.29,7.6,120757.7,90151.312
600734.SH,20191028,7.6,7.79,7.55,7.76,115014.54,88723.88
600734.SH,20191029,7.73,7.85,7.5,7.52,103164.48,78959.49
600734.SH,20191030,7.51,7.55,7.3,7.31,84652.28,62525.677
600734.SH,20191031,7.28,7.44,7.05,7.11,113012.83,81527.196
600734.SH,20191101,7.15,7.25,7.09,7.19,76156.52,54677.157
600734.SH,20191104,7.22,7.26,7.03,7.05,95959.02,68409.189
600734.SH,20191105,7.07,7.1,6.89,7.03,103356.34,72308.784
600734.SH,20191106,7.03,7.04,6.71,6.81,108130.41,73988.275
600734.SH,20191107,6.8,6.95,6.75,6.83,88625.36,60785.885
600734.SH,20191108,6.92,6.94,6.69,6.74,89307.39,60715.366
600734.SH,20191111,6.72,6.72,6.45,6.52,97452.77,64037.903
600734.SH,20191112,6.62,6.68,6.37,6.59,91996.45,59852.687
600734.SH,20191113,7.19,7.25,7.19,7.25,74832.36,54191.714
600734.SH,20191114,7.76,7.97,7.26,7.29,498619.93,380799.101
600734.SH,20191115,7.11,7.18,6.73,6.77,311471.13,213788.547
600734.SH,20191118,6.6,6.78,6.46,6.76,189907.32,125212.304
600734.SH,20191119,6.67,6.89,6.67,6.83,159467.35,108269.391
600734.SH,20191120,6.8,7.51,6.76,7.51,268260.75,193591.281
600734.SH,20191121,7.51,7.52,7.21,7.26,308180.51,225746.535
600734.SH,20191122,7.33,7.65,7.21,7.28,301521.52,223359.133
600734.SH,20191125,7.33,7.37,6.84,7.08,175084.2,123298.534
600734.SH,20191126,7.08,7.09,6.9,6.96,122275.76,85300.016
600734.SH,20191127,6.99,7.32,6.8,7.04,157786.12,111391.499
600734.SH,20191128,6.93,7.25,6.92,7.06,142037.1,100209.291
600734.SH,20191129,6.99,7.16,6.91,6.91,107661.01,75381.028
600734.SH,20191202,6.8,6.89,6.67,6.68,146654.05,99108.857
600734.SH,20191203,6.61,7.35,6.53,7.18,421960.37,300973.5
600734.SH,20191204,7.02,7.07,6.88,6.95,262128.58,183037.241
600734.SH,20191205,7.0,7.12,6.93,7.04,186195.02,130549.411
600734.SH,20191206,7.09,7.28,6.99,7.24,240641.45,172106.797
600734.SH,20191209,7.28,7.54,7.26,7.29,272452.52,201581.983
600734.SH,20191210,7.22,7.45,7.2,7.39,211800.86,155627.233
600734.SH,20191211,7.33,7.4,7.14,7.15,154737.01,111994.118
600734.SH,20191212,7.19,7.26,7.06,7.12,118784.93,85041.598
600734.SH,20191213,7.18,7.22,7.02,7.14,130169.92,92611.289
600734.SH,20191216,7.08,7.22,7.02,7.19,148815.61,106447.448
600734.SH,20191217,7.14,7.33,7.06,7.26,192379.39,139353.09
600734.SH,20191218,7.25,7.63,7.23,7.34,264437.18,195947.141
600734.SH,20191219,7.3,7.34,7.17,7.26,167300.68,121149.229
600734.SH,20191220,7.27,7.28,7.1,7.11,130978.43,93890.687
600734.SH,20191223,7.1,7.1,6.73,6.76,175798.2,120728.206
600734.SH,20191224,6.79,6.84,6.75,6.82,69395.31,47219.3
600734.SH,20191225,6.82,7.01,6.77,6.92,111453.59,76981.863
600734.SH,20191226,6.99,6.99,6.82,6.87,85166.83,58623.956
600734.SH,20191227,6.88,6.93,6.8,6.8,86980.33,59683.554
600734.SH,20191230,6.8,6.8,6.56,6.79,90015.13,60209.663
600734.SH,20191231,6.79,6.88,6.74,6.79,59041.48,40105.57
600734.SH,20200102,6.81,6.93,6.81,6.91,101350.12,69784.433
600734.SH,20200103,6.92,6.95,6.86,6.91,86702.98,59795.283
600734.SH,20200106,6.85,6.96,6.79,6.93,120397.84,82943.193
600734.SH,20200107,6.94,7.03,6.9,7.03,126990.25,88526.865
600734.SH,20200108,7.06,7.13,6.85,6.86,140195.09,97811.984
600734.SH,20200109,6.91,7.23,6.9,7.03,175535.45,123625.141
600734.SH,20200110,7.04,7.08,6.88,6.91,121781.49,84485.213
600734.SH,20200113,6.9,6.94,6.82,6.91,71854.66,49417.071
600734.SH,20200114,6.94,6.94,6.86,6.88,64129.65,44174.1
600734.SH,20200115,6.84,6.85,6.62,6.69,126465.0,84716.281
600734.SH,20200116,6.69,6.75,6.66,6.66,55014.28,36830.328
600734.SH,20200117,6.69,6.71,6.56,6.56,71227.47,47100.787
600734.SH,20200120,6.5,6.55,6.41,6.53,97713.25,63302.422
600734.SH,20200121,6.5,6.51,6.41,6.43,65728.0,42352.213
600734.SH,20200122,6.45,6.48,6.35,6.41,54628.0,35080.488
600734.SH,20200123,5.77,5.77,5.77,5.77,41906.0,24179.762
600734.SH,20200203,5.19,5.19,5.19,5.19,4747.0,2463.693
600734.SH,20200204,4.67,4.67,4.67,4.67,26262.0,12264.354
600734.SH,20200205,4.23,4.99,4.23,4.67,340444.21,155492.072
600734.SH,20200206,4.52,4.68,4.42,4.65,323153.95,146546.886
600734.SH,20200207,4.68,4.69,4.47,4.55,210096.04,96057.559
600734.SH,20200210,4.58,5.01,4.58,5.01,275987.07,131689.695
600734.SH,20200211,5.0,5.36,4.87,5.02,400467.52,205882.358
600734.SH,20200212,4.96,5.01,4.85,4.99,194315.07,95812.95
600734.SH,20200213,4.98,4.98,4.75,4.78,204829.71,99248.586
600734.SH,20200214,4.82,4.84,4.69,4.72,125796.38,59703.566
600734.SH,20200217,4.79,5.19,4.74,5.19,340070.25,170884.24
600734.SH,20200218,5.3,5.3,5.04,5.17,337103.46,173611.377
600734.SH,20200219,5.22,5.24,5.04,5.05,211708.63,108481.992
600734.SH,20200220,5.1,5.56,5.0,5.36,435631.39,232005.459
600734.SH,20200221,5.29,5.88,5.28,5.74,503433.2,281878.472
600734.SH,20200224,5.63,5.99,5.46,5.79,446965.84,255738.031
600734.SH,20200225,5.56,5.79,5.35,5.64,338193.99,189434.536
600734.SH,20200226,5.55,5.77,5.49,5.55,224762.81,126488.528
600734.SH,20200227,5.55,5.65,5.32,5.43,172663.59,94091.518
600734.SH,20200228,5.19,5.35,4.97,5.01,189591.99,97463.446
600734.SH,20200302,5.0,5.26,4.9,5.22,144989.49,74955.149
600734.SH,20200303,5.35,5.46,5.18,5.24,182146.62,97097.823
600734.SH,20200304,5.17,5.29,5.12,5.24,131804.36,68622.29
600734.SH,20200305,5.36,5.41,5.24,5.3,149947.39,79392.942
600734.SH,20200306,5.22,5.5,5.16,5.36,202333.42,107142.194
600734.SH,20200309,5.26,5.65,5.22,5.37,259512.83,140507.471
600734.SH,20200310,5.18,5.46,4.84,5.45,271845.77,142901.226
600734.SH,20200311,5.48,5.64,5.37,5.38,254109.07,139956.89
600734.SH,20200312,5.24,5.28,5.11,5.19,172506.52,89558.565
600734.SH,20200313,4.88,5.12,4.85,5.05,142210.66,70970.747
600734.SH,20200316,5.14,5.17,4.76,4.78,138012.12,68600.032
600734.SH,20200317,4.82,4.88,4.39,4.65,131296.63,60634.945
600734.SH,20200318,4.76,4.79,4.52,4.52,105118.64,48918.738
600734.SH,20200319,4.51,4.62,4.4,4.57,90432.59,40752.492
600734.SH,20200320,4.6,4.64,4.5,4.58,62922.86,28712.203
600734.SH,20200323,4.49,4.53,4.32,4.33,93266.0,41249.421
600734.SH,20200324,4.43,4.48,4.29,4.43,86596.05,38082.899
600734.SH,20200325,4.51,4.65,4.46,4.61,116683.66,53288.0
600734.SH,20200326,4.6,4.7,4.53,4.57,103938.14,47929.256
600734.SH,20200327,4.63,4.66,4.42,4.44,101907.0,45891.534
600734.SH,20200330,4.35,4.35,4.1,4.17,118364.22,49520.746
600734.SH,20200331,4.23,4.24,4.0,4.0,141708.09,57582.062
600734.SH,20200401,3.91,3.99,3.71,3.96,161699.36,63147.138
600734.SH,20200402,3.93,3.98,3.86,3.97,122992.31,48141.776
600734.SH,20200403,3.98,4.05,3.86,3.89,114418.58,45262.191
600734.SH,20200407,3.89,4.05,3.86,3.91,200387.81,78765.024
600734.SH,20200408,3.91,3.91,3.8,3.81,159629.15,61384.367
600734.SH,20200409,3.86,4.19,3.82,4.08,365616.92,147981.554
600734.SH,20200410,3.97,4.0,3.83,3.83,227828.01,88640.767
600734.SH,20200413,3.78,3.78,3.49,3.58,236687.38,84890.386
600734.SH,20200414,3.62,3.67,3.53,3.59,126413.36,45338.81
600734.SH,20200415,3.6,3.61,3.51,3.51,112960.41,39989.813
600734.SH,20200416,3.45,3.55,3.37,3.55,144042.25,50045.128
600734.SH,20200417,3.55,3.63,3.47,3.5,128415.16,45563.45
600734.SH,20200420,3.54,3.54,3.39,3.4,142962.72,48861.009
600734.SH,20200421,3.38,3.48,3.35,3.41,131178.36,44768.156
600734.SH,20200422,3.39,3.41,3.32,3.4,116994.1,39413.887
600734.SH,20200423,3.4,3.46,3.39,3.4,113424.21,38778.182
600734.SH,20200424,3.39,3.4,3.15,3.22,176752.15,57379.346
600734.SH,20200427,3.2,3.2,3.0,3.03,190055.65,58417.476
600734.SH,20200428,3.03,3.12,2.77,2.82,171229.25,49730.356
600734.SH,20200429,2.61,2.92,2.61,2.83,189347.86,53134.604
600734.SH,20200430,2.79,3.11,2.79,3.11,209918.78,64111.07
600734.SH,20200506,2.98,3.18,2.98,3.13,221066.53,68438.427
600734.SH,20200507,3.06,3.39,3.06,3.12,249713.35,80277.01
600734.SH,20200508,3.05,3.22,3.04,3.09,160523.21,50099.744
600734.SH,20200511,3.06,3.16,3.0,3.03,136932.02,41882.452
600734.SH,20200512,3.03,3.05,2.83,2.88,146193.69,42480.892
600734.SH,20200513,2.91,2.91,2.76,2.77,153128.01,42955.757
600734.SH,20200514,2.68,2.75,2.63,2.71,199687.98,53435.424
600734.SH,20200515,2.7,2.7,2.51,2.52,210611.13,54147.712
600734.SH,20200518,2.52,2.54,2.32,2.36,208760.21,49607.283
600734.SH,20200519,2.37,2.6,2.35,2.6,144979.63,36759.223
600734.SH,20200520,2.85,2.86,2.75,2.86,150002.01,42659.658
600734.SH,20200521,3.15,3.15,2.93,2.94,700198.02,212718.684
600734.SH,20200522,2.65,2.73,2.65,2.65,147498.0,39112.412
600734.SH,20200525,2.39,2.39,2.39,2.39,67361.0,16099.279
600734.SH,20200526,2.15,2.59,2.15,2.51,366071.54,88139.606
600734.SH,20200527,2.37,2.76,2.34,2.76,415627.98,108435.894
600734.SH,20200528,2.7,2.98,2.6,2.81,421971.47,117875.346
600734.SH,20200529,2.75,2.89,2.65,2.7,342834.73,94598.129
600734.SH,20200601,2.65,2.78,2.63,2.7,248455.86,67426.269
600734.SH,20200602,2.68,2.75,2.56,2.61,293580.41,77182.622
600734.SH,20200603,2.64,2.65,2.52,2.58,244094.78,62713.234
600734.SH,20200604,2.55,2.58,2.42,2.51,226791.25,57067.079
600734.SH,20200605,2.51,2.76,2.44,2.76,339147.24,91876.151
600734.SH,20200608,2.82,3.04,2.82,3.04,455886.64,135790.961
600734.SH,20200609,3.07,3.34,3.07,3.34,726229.97,236581.408
600734.SH,20200610,3.35,3.67,3.34,3.67,626012.3,225151.931
600734.SH,20200611,3.82,4.04,3.3,3.89,1187908.79,444175.498
600734.SH,20200612,3.5,3.5,3.5,3.5,142579.0,49902.65
600734.SH,20200616,3.33,3.33,3.33,3.33,1107.0,368.631
600734.SH,20200617,3.16,3.16,3.16,3.16,1247.0,394.052
600734.SH,20200618,3.0,3.0,3.0,3.0,4446.0,1333.8
600734.SH,20200619,2.85,2.85,2.85,2.85,5840.0,1664.4
600734.SH,20200622,2.71,2.71,2.71,2.71,3615.0,979.665
600734.SH,20200623,2.57,2.57,2.57,2.57,3899.0,1002.043
600734.SH,20200624,2.44,2.44,2.44,2.44,5495.0,1340.78
600734.SH,20200629,2.32,2.32,2.32,2.32,7996.0,1855.072
600734.SH,20200630,2.2,2.2,2.2,2.2,8229.0,1810.38
600734.SH,20200701,2.09,2.09,2.09,2.09,9097.0,1901.273
600734.SH,20200702,1.99,2.19,1.99,2.13,807725.67,168015.617
600734.SH,20200703,2.05,2.05,2.02,2.02,163892.0,33256.992
600734.SH,20200706,1.96,2.08,1.92,2.01,639171.91,125792.772
600734.SH,20200707,2.0,2.04,1.96,2.01,377344.32,75285.916
600734.SH,20200708,1.99,2.11,1.98,2.11,256667.72,52851.231
600734.SH,20200709,2.18,2.22,2.11,2.14,468700.73,101110.242
600734.SH,20200710,2.12,2.16,2.08,2.12,245238.76,51924.566
600734.SH,20200713,2.11,2.23,2.11,2.2,240638.5,52570.451
600734.SH,20200714,2.18,2.2,2.09,2.11,341504.83,72661.422
600734.SH,20200715,2.11,2.13,2.01,2.01,220501.93,45542.796
600734.SH,20200716,1.95,2.11,1.95,2.02,271344.25,55016.822
600734.SH,20200717,2.02,2.09,1.98,2.01,149505.0,30391.774
600734.SH,20200720,2.01,2.03,1.91,1.98,216915.45,42367.926
600734.SH,20200721,1.95,2.05,1.95,2.01,130075.86,26085.249
600734.SH,20200722,1.99,2.01,1.97,1.98,119478.04,23743.035
600734.SH,20200723,1.98,1.98,1.9,1.96,139552.14,27081.968
600734.SH,20200724,1.93,1.96,1.9,1.91,138109.73,26621.662
600734.SH,20200727,1.91,1.93,1.83,1.84,127039.65,23658.525
600734.SH,20200728,1.83,1.93,1.83,1.93,128325.61,24582.677
600734.SH,20200729,1.96,1.98,1.92,1.95,188321.65,36715.888
600734.SH,20200730,1.94,1.96,1.92,1.95,100330.39,19496.358
600734.SH,20200731,1.94,1.96,1.91,1.93,85082.25,16469.235
600734.SH,20200803,1.94,1.98,1.91,1.96,134285.57,26012.178
600734.SH,20200804,1.96,2.05,1.93,2.04,205746.92,41046.047
600734.SH,20200805,2.04,2.09,2.01,2.04,185399.76,38130.793
600734.SH,20200806,2.02,2.14,2.02,2.14,259304.73,54099.794
600734.SH,20200807,2.16,2.23,2.06,2.11,253150.23,54096.075
600734.SH,20200810,2.05,2.08,2.0,2.0,224315.27,45281.986
600734.SH,20200811,1.99,2.0,1.94,1.97,124268.65,24527.888
600734.SH,20200812,1.94,2.02,1.94,2.0,111903.09,22268.296
600734.SH,20200813,2.0,2.03,1.98,2.03,107096.66,21451.654
600734.SH,20200814,2.02,2.04,1.99,2.01,101107.36,20379.517
600734.SH,20200817,2.01,2.02,1.98,2.0,93857.0,18774.613
600734.SH,20200818,2.0,2.09,1.98,2.05,174259.61,35666.677
600734.SH,20200819,2.04,2.04,2.0,2.01,121086.13,24406.614
600734.SH,20200820,1.99,2.01,1.96,1.98,84077.27,16671.701
600734.SH,20200821,1.98,2.01,1.97,1.99,80613.0,16084.629
600734.SH,20200824,1.97,1.99,1.95,1.96,102423.18,20168.396
600734.SH,20200825,1.96,1.99,1.94,1.96,83710.89,16410.626
600734.SH,20200826,1.95,1.96,1.87,1.89,134189.46,25568.643
600734.SH,20200827,1.88,1.97,1.85,1.94,122384.33,23309.392
600734.SH,20200828,1.92,1.93,1.89,1.9,74189.79,14122.5
600734.SH,20200831,1.88,1.95,1.88,1.9,91334.67,17405.554
600734.SH,20200901,1.9,1.95,1.89,1.93,93176.42,17877.749
600734.SH,20200902,1.92,1.98,1.92,1.95,105041.7,20474.597
600734.SH,20200903,1.94,1.95,1.91,1.92,80963.0,15607.704
600734.SH,20200904,1.89,1.96,1.88,1.95,98636.59,18930.822
600734.SH,20200907,1.94,2.04,1.93,1.99,178863.69,35303.219
600734.SH,20200908,2.0,2.01,1.96,1.98,106505.65,21110.075
600734.SH,20200909,1.95,1.97,1.92,1.93,105399.05,20565.954
600734.SH,20200910,1.94,1.95,1.84,1.86,118866.52,22590.955
600734.SH,20200911,1.87,1.91,1.85,1.88,69377.0,13000.284
600734.SH,20200914,1.87,1.9,1.87,1.89,53799.84,10154.37
600734.SH,20200915,1.89,1.92,1.86,1.9,76098.72,14405.265
600734.SH,20200916,1.88,1.9,1.85,1.87,69789.37,13077.841
600734.SH,20200917,1.87,1.89,1.86,1.87,54916.19,10297.459
600734.SH,20200918,1.87,1.88,1.86,1.88,58074.96,10857.032
600734.SH,20200921,1.88,1.88,1.83,1.87,71458.01,13323.042
600734.SH,20200922,1.85,1.86,1.83,1.85,65330.24,12070.196
600734.SH,20200923,1.85,1.86,1.83,1.83,54193.65,9976.361
600734.SH,20200924,1.83,1.83,1.75,1.76,92491.26,16439.053
600734.SH,20200925,1.76,1.77,1.68,1.71,125215.76,21394.358
600734.SH,20200928,1.71,1.71,1.63,1.63,93526.02,15601.87
600734.SH,20200929,1.63,1.66,1.6,1.64,56825.45,9279.812
600734.SH,20200930,1.63,1.64,1.6,1.62,44789.6,7262.466
600734.SH,20201009,1.63,1.66,1.62,1.65,64725.97,10628.833
600734.SH,20201012,1.65,1.67,1.61,1.66,135838.69,22277.83
600734.SH,20201013,1.65,1.72,1.64,1.68,115793.96,19568.281
600734.SH,20201014,1.68,1.68,1.64,1.66,76519.51,12667.778
600734.SH,20201015,1.65,1.66,1.63,1.63,45171.75,7403.612
600734.SH,20201016,1.63,1.66,1.62,1.63,51198.79,8380.53
600734.SH,20201019,1.63,1.64,1.62,1.63,47445.0,7727.47
600734.SH,20201020,1.63,1.63,1.6,1.63,61147.94,9907.247
600734.SH,20201021,1.63,1.63,1.55,1.56,115959.0,18360.999
600734.SH,20201022,1.55,1.55,1.48,1.51,112563.69,16955.896
600734.SH,20201023,1.5,1.53,1.49,1.49,82376.0,12416.151
600734.SH,20201026,1.49,1.56,1.44,1.56,122873.06,18683.631
600734.SH,20201027,1.56,1.64,1.54,1.63,247065.67,39822.55
600734.SH,20201028,1.61,1.64,1.55,1.58,129572.0,20587.782
600734.SH,20201029,1.55,1.61,1.55,1.56,70252.15,11086.737
600734.SH,20201030,1.55,1.59,1.51,1.54,75906.64,11750.042
600734.SH,20201102,1.53,1.53,1.46,1.49,116582.21,17340.319
600734.SH,20201103,1.46,1.55,1.46,1.49,69134.84,10362.915
600734.SH,20201104,1.49,1.51,1.48,1.51,50055.06,7511.547
600734.SH,20201105,1.51,1.52,1.48,1.52,57783.01,8671.421
600734.SH,20201106,1.51,1.6,1.5,1.6,122111.2,18923.571
600734.SH,20201109,1.61,1.61,1.56,1.58,106134.44,16799.204
600734.SH,20201110,1.59,1.59,1.51,1.51,102897.8,15796.451
600734.SH,20201111,1.52,1.57,1.47,1.53,88682.8,13537.606
600734.SH,20201112,1.53,1.54,1.49,1.53,82226.0,12467.389
600734.SH,20201113,1.57,1.61,1.57,1.61,54292.98,8686.337
600734.SH,20201116,1.6,1.64,1.56,1.61,138508.49,22127.955
600734.SH,20201117,1.6,1.61,1.54,1.57,98348.6,15392.829
600734.SH,20201118,1.59,1.63,1.54,1.56,108703.79,17090.198
600734.SH,20201119,1.54,1.55,1.53,1.54,63936.8,9846.799
600734.SH,20201120,1.54,1.57,1.53,1.56,71315.0,11048.443
600734.SH,20201123,1.56,1.61,1.54,1.57,81933.18,12901.998
600734.SH,20201124,1.55,1.57,1.54,1.56,50787.4,7907.417
600734.SH,20201125,1.56,1.64,1.54,1.62,146490.41,23244.635
600734.SH,20201126,1.61,1.67,1.59,1.64,146404.02,24019.289
600734.SH,20201127,1.62,1.64,1.56,1.57,113199.26,17961.68
600734.SH,20201130,1.57,1.59,1.54,1.57,62797.0,9837.627
600734.SH,20201201,1.57,1.59,1.55,1.57,38372.0,6027.004
600734.SH,20201202,1.57,1.58,1.56,1.58,45717.14,7179.257
600734.SH,20201203,1.58,1.58,1.51,1.54,69444.0,10759.24
600734.SH,20201204,1.54,1.6,1.53,1.59,82012.0,12941.568
600734.SH,20201207,1.57,1.62,1.56,1.58,71357.0,11331.9
600734.SH,20201208,1.62,1.66,1.61,1.66,202378.95,33546.64
600734.SH,20201209,1.6,1.64,1.58,1.59,184765.53,29571.372
600734.SH,20201210,1.59,1.67,1.59,1.67,179422.57,29467.84
600734.SH,20201211,1.65,1.66,1.59,1.6,180291.87,29015.739
600734.SH,20201214,1.58,1.58,1.52,1.52,49596.0,7564.378
600734.SH,20201215,1.45,1.5,1.44,1.44,171221.51,24787.981
600734.SH,20201216,1.4,1.44,1.37,1.37,83336.0,11536.313
600734.SH,20201217,1.3,1.38,1.3,1.34,111227.23,14639.219
600734.SH,20201218,1.34,1.37,1.28,1.3,109706.07,14442.622
600734.SH,20201221,1.3,1.33,1.28,1.3,74017.51,9643.169
600734.SH,20201222,1.29,1.29,1.24,1.24,124413.0,15471.142
600734.SH,20201223,1.2,1.22,1.18,1.22,153732.67,18273.291
600734.SH,20201224,1.26,1.26,1.19,1.2,119769.85,14746.674
600734.SH,20201225,1.18,1.25,1.17,1.23,89676.34,10874.594
600734.SH,20201228,1.23,1.25,1.19,1.2,65763.0,7997.965
600734.SH,20201229,1.2,1.24,1.19,1.23,61300.23,7500.727
600734.SH,20201230,1.23,1.25,1.22,1.23,60714.65,7476.91
600734.SH,20201231,1.22,1.23,1.17,1.21,67676.56,8128.654
600734.SH,20210104,1.19,1.22,1.18,1.18,51700.42,6189.832
600734.SH,20210105,1.19,1.24,1.18,1.22,78309.8,9554.523
600734.SH,20210106,1.2,1.22,1.16,1.16,109941.9,12886.395
600734.SH,20210107,1.14,1.15,1.1,1.1,60708.0,6702.455
600734.SH,20210108,1.05,1.11,1.05,1.11,140808.94,14989.743
600734.SH,20210111,1.08,1.08,1.05,1.05,118406.97,12550.274
600734.SH,20210112,1.05,1.06,1.0,1.03,148667.97,15119.584
600734.SH,20210113,1.02,1.02,0.98,0.98,120141.3,11848.579
600734.SH,20210114,1.01,1.03,0.99,1.02,119175.59,12029.262
600734.SH,20210115,0.99,1.02,0.97,1.02,91540.5,9161.533
600734.SH,20210118,1.01,1.06,0.99,1.03,92718.48,9583.634
600734.SH,20210119,1.02,1.05,1.02,1.05,68352.91,7101.415
600734.SH,20210120,1.04,1.07,1.03,1.04,67726.36,7110.293
